0	0.999999999999998890	-1.38777878078144568e-17	0.00000000000000000	-7.49400541621980665e-16	1.00049987506246008	0.00000000000000000	0.00100000000000000002	0.314159265359000017	1.00049987506246119
0	0.999999999999997891	-3.81639164714897561e-17	0.00000000000000000	-2.34187669256868958e-15	1.00049987506245897	0.00000000000000000	0.00100000000000000002	0.628318530718000146	1.00049987506246074
0	0.999999999999995337	-5.89805981832114412e-17	0.00000000000000000	-4.80344930497977884e-15	1.00049987506245741	0.00000000000000000	0.00100000000000000002	0.942477796076999885	1.00049987506246252
0	0.999999999999993561	-6.24500451351650554e-17	0.00000000000000000	-8.09942390933571232e-15	1.00049987506245941	0.00000000000000000	0.00100000000000000002	1.25663706143599962	1.00049987506246585
0	0.999999999999990008	-7.80625564189563192e-17	0.00000000000000000	-1.05609965217468016e-14	1.00049987506246318	0.00000000000000000	0.00100000000000000002	1.57079632679499936	1.00049987506247318
0	0.999999999999987677	-8.28330459778925388e-17	0.00000000000000000	-1.13420557668053590e-14	1.00049987506246674	0.00000000000000000	0.00100000000000000002	1.88495559215399933	1.00049987506247895
0	0.999999999999984346	-8.37004077158809423e-17	0.00000000000000000	-1.09816669646711773e-14	1.00049987506247073	0.00000000000000000	0.00100000000000000002	2.19911485751299951	1.00049987506248650
0	0.999999999999981126	-9.19403442267707760e-17	0.00000000000000000	-9.56699997001209113e-15	1.00049987506247362	0.00000000000000000	0.00100000000000000002	2.51327412287200014	1.00049987506249227
0	0.999999999999979128	-1.17961196366422882e-16	0.00000000000000000	-7.19042880792386541e-15	1.00049987506247695	0.00000000000000000	0.00100000000000000002	2.82743338823100032	1.00049987506249805
0	0.999999999999977129	-1.24032728532341707e-16	0.00000000000000000	-3.91006671485172319e-15	1.00049987506247762	0.00000000000000000	0.00100000000000000002	3.14159265358999962	1.00049987506250049
0	0.999999999999975686	-1.47451495458028603e-16	0.00000000000000000	-1.59594559789866253e-16	1.00049987506247806	0.00000000000000000	0.00100000000000000002	3.45575191894899980	1.00049987506250249
0	0.999999999999976352	-1.61329283265843060e-16	0.00000000000000000	3.20316689839117430e-15	1.00049987506247873	0.00000000000000000	0.00100000000000000002	3.76991118430799954	1.00049987506250271
0	0.999999999999977018	-1.73499452651992847e-16	0.00000000000000000	6.62547816089598118e-15	1.00049987506247806	0.00000000000000000	0.00100000000000000002	4.08407044966700017	1.00049987506250115
0	0.999999999999979794	-1.87350135405495166e-16	0.00000000000000000	9.96425164601077995e-15	1.00049987506247628	0.00000000000000000	0.00100000000000000002	4.39822971502599991	1.00049987506249694
0	0.999999999999983014	-2.08166817117216851e-16	0.00000000000000000	1.28404231691803261e-14	1.00049987506247451	0.00000000000000000	0.00100000000000000002	4.71238898038499787	1.00049987506249138
0	0.999999999999987232	-2.35922392732845765e-16	0.00000000000000000	1.55951640490314958e-14	1.00049987506247096	0.00000000000000000	0.00100000000000000002	5.02654824574399761	1.00049987506248428
0	0.999999999999991562	-2.60208521396521064e-16	0.00000000000000000	1.74409098274708185e-14	1.00049987506246718	0.00000000000000000	0.00100000000000000002	5.34070751110299824	1.00049987506247584
0	0.999999999999997113	-2.94902990916057206e-16	0.00000000000000000	1.79127546129365101e-14	1.00049987506246185	0.00000000000000000	0.00100000000000000002	5.65486677646199798	1.00049987506246518
0	1.00000000000000266	-2.94902990916057206e-16	0.00000000000000000	1.68511038456387041e-14	1.00049987506245674	0.00000000000000000	0.00100000000000000002	5.96902604182099772	1.00049987506245430
0	1.00000000000000688	-3.05311331771918049e-16	0.00000000000000000	1.36696209906972399e-14	1.00049987506245075	0.00000000000000000	0.00100000000000000002	6.28318530717999657	1.00049987506244431
1	1.00000000000001044	-3.19189119579732505e-16	0.00000000000000000	8.51055337314221561e-15	1.00049987506244631	0.00000000000000000	0.00100000000000000002	6.59734457253899720	1.00049987506243698
1	1.00000000000001243	-3.17454396103755698e-16	0.00000000000000000	2.04350425470067876e-15	1.00049987506244409	0.00000000000000000	0.00100000000000000002	6.91150383789799783	1.00049987506243188
1	1.00000000000001177	-3.36536354339500576e-16	0.00000000000000000	-4.18762247100801233e-15	1.00049987506244564	0.00000000000000000	0.00100000000000000002	7.22566310325699757	1.00049987506243365
1	1.00000000000001021	-3.53883589099268647e-16	0.00000000000000000	-1.01203767588486926e-14	1.00049987506244653	0.00000000000000000	0.00100000000000000002	7.53982236861599642	1.00049987506243565
1	1.00000000000000577	-3.85108611666851175e-16	0.00000000000000000	-1.51788304147970621e-14	1.00049987506245164	0.00000000000000000	0.00100000000000000002	7.85398163397499527	1.00049987506244609
1	1.00000000000000022	-4.12864187282480088e-16	0.00000000000000000	-1.88807303125315684e-14	1.00049987506245630	0.00000000000000000	0.00100000000000000002	8.16814089933399323	1.00049987506245541
1	0.999999999999993117	-4.26741975090294545e-16	0.00000000000000000	-2.09762762715115514e-14	1.00049987506246207	0.00000000000000000	0.00100000000000000002	8.48230016469299208	1.00049987506246896
1	0.999999999999985123	-4.54497550705923459e-16	0.00000000000000000	-2.25548746346504458e-14	1.00049987506246651	0.00000000000000000	0.00100000000000000002	8.79645943005199271	1.00049987506248095
1	0.999999999999977796	-4.68375338513737915e-16	0.00000000000000000	-2.27526331109118019e-14	1.00049987506247362	0.00000000000000000	0.00100000000000000002	9.11061869541099334	1.00049987506249560
1	0.999999999999970468	-4.82253126321552372e-16	0.00000000000000000	-2.04385119939587412e-14	1.00049987506248117	0.00000000000000000	0.00100000000000000002	9.42477796076999397	1.00049987506251048
1	0.999999999999964362	-4.99600361081320443e-16	0.00000000000000000	-1.58068003131006662e-14	1.00049987506248783	0.00000000000000000	0.00100000000000000002	9.73893722612899460	1.00049987506252336
1	0.999999999999959366	-5.10008701937181286e-16	0.00000000000000000	-1.04395658784284251e-14	1.00049987506248916	0.00000000000000000	0.00100000000000000002	10.0530964914879934	1.00049987506253002
1	0.999999999999956368	-5.13478148889134900e-16	0.00000000000000000	-5.05498420899641587e-15	1.00049987506249183	0.00000000000000000	0.00100000000000000002	10.3672557568469976	1.00049987506253579
1	0.999999999999955591	-5.10008701937181286e-16	0.00000000000000000	1.07899800205757401e-15	1.00049987506249360	0.00000000000000000	0.00100000000000000002	10.6814150222059983	1.00049987506253846
1	0.999999999999955591	-5.34294830600856585e-16	0.00000000000000000	7.20604131920765667e-15	1.00049987506249205	0.00000000000000000	0.00100000000000000002	10.9955742875650024	1.00049987506253668
1	0.999999999999957812	-5.34294830600856585e-16	0.00000000000000000	1.20355114763270876e-14	1.00049987506248916	0.00000000000000000	0.00100000000000000002	11.3097335529239977	1.00049987506253135
1	0.999999999999961475	-5.55111512312578270e-16	0.00000000000000000	1.59351698503229500e-14	1.00049987506248561	0.00000000000000000	0.00100000000000000002	11.6238928182830001	1.00049987506252447
1	0.999999999999966360	-5.79397640976253570e-16	0.00000000000000000	1.84661314017731115e-14	1.00049987506248095	0.00000000000000000	0.00100000000000000002	11.9380520836420025	1.00049987506251514
1	0.999999999999971911	-6.00214322687975255e-16	0.00000000000000000	1.92935944998140485e-14	1.00049987506247495	0.00000000000000000	0.00100000000000000002	12.2522113490010049	1.00049987506250360
1	0.999999999999977351	-6.17561557447743326e-16	0.00000000000000000	1.85823578746635576e-14	1.00049987506247007	0.00000000000000000	0.00100000000000000002	12.5663706143600056	1.00049987506249316
2	0.999999999999982236	-6.24500451351650554e-16	0.00000000000000000	1.58276169948123879e-14	1.00049987506246429	0.00000000000000000	0.00100000000000000002	12.8805298797190044	1.00049987506248228
2	0.999999999999986233	-6.31439345255557782e-16	0.00000000000000000	1.13208054042246431e-14	1.00049987506246008	0.00000000000000000	0.00100000000000000002	13.1946891450780033	1.00049987506247384
2	0.999999999999987788	-6.45317133063372239e-16	0.00000000000000000	5.76275138719495317e-15	1.00049987506245741	0.00000000000000000	0.00100000000000000002	13.5088484104370021	1.00049987506246962
2	0.999999999999989675	-6.45317133063372239e-16	0.00000000000000000	-2.98372437868010820e-16	1.00049987506245719	0.00000000000000000	0.00100000000000000002	13.8230076757959974	1.00049987506246740
2	0.999999999999988343	-6.69603261727047538e-16	0.00000000000000000	-6.14092110495789711e-15	1.00049987506245874	0.00000000000000000	0.00100000000000000002	14.1371669411549998	1.00049987506247007
2	0.999999999999985456	-6.73072708679001153e-16	0.00000000000000000	-1.08125314257634386e-14	1.00049987506246185	0.00000000000000000	0.00100000000000000002	14.4513262065139987	1.00049987506247651
2	0.999999999999980460	-6.80011602582908381e-16	0.00000000000000000	-1.41085060301193721e-14	1.00049987506246563	0.00000000000000000	0.00100000000000000002	14.7654854718729993	1.00049987506248517
2	0.999999999999974243	-6.85215773010838802e-16	0.00000000000000000	-1.66932440093248147e-14	1.00049987506247096	0.00000000000000000	0.00100000000000000002	15.0796447372319999	1.00049987506249649
2	0.999999999999968137	-6.93889390390722838e-16	0.00000000000000000	-1.76907100080114787e-14	1.00049987506247651	0.00000000000000000	0.00100000000000000002	15.3938040025909988	1.00049987506250826
2	0.999999999999962474	-6.90419943438769224e-16	0.00000000000000000	-1.76109127281165456e-14	1.00049987506248095	0.00000000000000000	0.00100000000000000002	15.7079632679499976	1.00049987506251803
2	0.999999999999956812	-7.11236625150490909e-16	0.00000000000000000	-1.65700786425304614e-14	1.00049987506248672	0.00000000000000000	0.00100000000000000002	16.0221225333089983	1.00049987506252913
2	0.999999999999951150	-7.04297731246583680e-16	0.00000000000000000	-1.29687927064026098e-14	1.00049987506249161	0.00000000000000000	0.00100000000000000002	16.3362817986680007	1.00049987506254068
2	0.999999999999946931	-7.42461647718073436e-16	0.00000000000000000	-8.93382590128055654e-15	1.00049987506249494	0.00000000000000000	0.00100000000000000002	16.6504410640269995	1.00049987506254801
2	0.999999999999944156	-7.66747776381748736e-16	0.00000000000000000	-4.06272238073768222e-15	1.00049987506249738	0.00000000000000000	0.00100000000000000002	16.9646003293860019	1.00049987506255333
2	0.999999999999943934	-7.77156117237609578e-16	0.00000000000000000	1.41553435639707459e-15	1.00049987506249805	0.00000000000000000	0.00100000000000000002	17.2787595947450008	1.00049987506255422
2	0.999999999999944267	-8.25728374564960177e-16	0.00000000000000000	6.87644385877206332e-15	1.00049987506249627	0.00000000000000000	0.00100000000000000002	17.5929188601039961	1.00049987506255289
2	0.999999999999946376	-8.43075609324728248e-16	0.00000000000000000	1.05783437565065697e-14	1.00049987506249161	0.00000000000000000	0.00100000000000000002	17.9070781254629914	1.00049987506254556
2	0.999999999999949596	-8.41340885848751441e-16	0.00000000000000000	1.21846976952610930e-14	1.00049987506248828	0.00000000000000000	0.00100000000000000002	18.2212373908219938	1.00049987506253957
2	0.999999999999952816	-8.62157567560473126e-16	0.00000000000000000	1.24587840044654286e-14	1.00049987506248406	0.00000000000000000	0.00100000000000000002	18.5353966561809891	1.00049987506253135
2	0.999999999999956479	-8.63892291036449933e-16	0.00000000000000000	1.16122389481887467e-14	1.00049987506248028	0.00000000000000000	0.00100000000000000002	18.8495559215399915	1.00049987506252425
3	0.999999999999959033	-8.79504802320241197e-16	0.00000000000000000	8.83668138662585534e-15	1.00049987506247517	0.00000000000000000	0.00100000000000000002	19.1637151868989903	1.00049987506251603
3	0.999999999999960032	-9.02056207507939689e-16	0.00000000000000000	4.56752691224693308e-15	1.00049987506247406	0.00000000000000000	0.00100000000000000002	19.4778744522579856	1.00049987506251403
3	0.999999999999960809	-9.02056207507939689e-16	0.00000000000000000	-2.93168267440080399e-16	1.00049987506247273	0.00000000000000000	0.00100000000000000002	19.7920337176169809	1.00049987506251159
3	0.999999999999959366	-9.14199271839777339e-16	0.00000000000000000	-4.86416462663896709e-15	1.00049987506247495	0.00000000000000000	0.00100000000000000002	20.1061929829759798	1.00049987506251536
3	0.999999999999956257	-9.10729824887823725e-16	0.00000000000000000	-8.56953397132542705e-15	1.00049987506247806	0.00000000000000000	0.00100000000000000002	20.4203522483349822	1.00049987506252180
3	0.999999999999952260	-9.14199271839777339e-16	0.00000000000000000	-1.10640663297800756e-14	1.00049987506248139	0.00000000000000000	0.00100000000000000002	20.7345115136939739	1.00049987506252935
3	0.999999999999948042	-9.24607612695638181e-16	0.00000000000000000	-1.24952131974609415e-14	1.00049987506248539	0.00000000000000000	0.00100000000000000002	21.0486707790529692	1.00049987506253735
3	0.999999999999943490	-9.40220123979429445e-16	0.00000000000000000	-1.29844052176864011e-14	1.00049987506248939	0.00000000000000000	0.00100000000000000002	21.3628300444119681	1.00049987506254578
3	0.999999999999938938	-9.55832635263220709e-16	0.00000000000000000	-1.23807214480464722e-14	1.00049987506249338	0.00000000000000000	0.00100000000000000002	21.6769893097709669	1.00049987506255400
3	0.999999999999934941	-9.74914593498965587e-16	0.00000000000000000	-1.04430353253803787e-14	1.00049987506249760	0.00000000000000000	0.00100000000000000002	21.9911485751299693	1.00049987506256266
3	0.999999999999931610	-9.95731275210687272e-16	0.00000000000000000	-7.18522463749593499e-15	1.00049987506250004	0.00000000000000000	0.00100000000000000002	22.3053078404889682	1.00049987506256843
3	0.999999999999929168	-1.00613961606654811e-15	0.00000000000000000	-4.22578638747950208e-15	1.00049987506250204	0.00000000000000000	0.00100000000000000002	22.6194671058479670	1.00049987506257287
3	0.999999999999927836	-1.00960906301850173e-15	0.00000000000000000	-6.97358837342676452e-16	1.00049987506250315	0.00000000000000000	0.00100000000000000002	22.9336263712069659	1.00049987506257509
3	0.999999999999928058	-1.01654795692240896e-15	0.00000000000000000	2.54310461578199920e-15	1.00049987506250182	0.00000000000000000	0.00100000000000000002	23.2477856365659719	1.00049987506257376
3	0.999999999999928502	-1.02001740387436257e-15	0.00000000000000000	5.20763987488237490e-15	1.00049987506250093	0.00000000000000000	0.00100000000000000002	23.5619449019249707	1.00049987506257287
3	0.999999999999929945	-1.02001740387436257e-15	0.00000000000000000	7.45237205279636328e-15	1.00049987506249916	0.00000000000000000	0.00100000000000000002	23.8761041672839696	1.00049987506256910
3	0.999999999999932387	-1.03042574473022341e-15	0.00000000000000000	8.60422844084496319e-15	1.00049987506249627	0.00000000000000000	0.00100000000000000002	24.1902634326429684	1.00049987506256444
3	0.999999999999934719	-1.03736463863413064e-15	0.00000000000000000	9.01709262812744328e-15	1.00049987506249360	0.00000000000000000	0.00100000000000000002	24.5044226980019637	1.00049987506255889
3	0.999999999999937050	-1.05471187339389871e-15	0.00000000000000000	7.89646126264642589e-15	1.00049987506248961	0.00000000000000000	0.00100000000000000002	24.8185819633609697	1.00049987506255289
3	0.999999999999938605	-1.06512021424975956e-15	0.00000000000000000	5.92928484088872665e-15	1.00049987506248894	0.00000000000000000	0.00100000000000000002	25.1327412287199721	1.00049987506255089
4	0.999999999999939937	-1.06858966120171317e-15	0.00000000000000000	3.60128593612785153e-15	1.00049987506248694	0.00000000000000000	0.00100000000000000002	25.4469004940789780	1.00049987506254712
4	0.999999999999939715	-1.08940634291343486e-15	0.00000000000000000	8.39606162372774634e-16	1.00049987506248605	0.00000000000000000	0.00100000000000000002	25.7610597594379840	1.00049987506254645
4	0.999999999999939604	-1.11369247157711015e-15	0.00000000000000000	-2.19962936753859140e-15	1.00049987506248739	0.00000000000000000	0.00100000000000000002	26.0752190247969793	1.00049987506254778
4	0.999999999999937383	-1.13797860024078545e-15	0.00000000000000000	-4.48946435582797676e-15	1.00049987506248872	0.00000000000000000	0.00100000000000000002	26.3893782901559817	1.00049987506255111
4	0.999999999999933831	-1.15185638804859991e-15	0.00000000000000000	-6.74807432154977960e-15	1.00049987506248916	0.00000000000000000	0.00100000000000000002	26.7035375555149805	1.00049987506255555
4	0.999999999999930389	-1.15879528195250714e-15	0.00000000000000000	-9.54444856482439263e-15	1.00049987506249161	0.00000000000000000	0.00100000000000000002	27.0176968208739794	1.00049987506256088
4	0.999999999999926503	-1.17267306976032160e-15	0.00000000000000000	-1.15393805621977208e-14	1.00049987506249494	0.00000000000000000	0.00100000000000000002	27.3318560862329853	1.00049987506256843
4	0.999999999999921063	-1.17961196366422882e-15	0.00000000000000000	-1.35690070290905851e-14	1.00049987506249738	0.00000000000000000	0.00100000000000000002	27.6460153515919878	1.00049987506257598
4	0.999999999999916178	-1.18308141061618244e-15	0.00000000000000000	-1.47798440153223964e-14	1.00049987506250138	0.00000000000000000	0.00100000000000000002	27.9601746169509795	1.00049987506258531
4	0.999999999999910627	-1.18655085756813605e-15	0.00000000000000000	-1.46965772884755097e-14	1.00049987506250693	0.00000000000000000	0.00100000000000000002	28.2743338823099748	1.00049987506259619
4	0.999999999999905187	-1.20736753927985774e-15	0.00000000000000000	-1.35169653248112809e-14	1.00049987506251048	0.00000000000000000	0.00100000000000000002	28.5884931476689736	1.00049987506260529
4	0.999999999999901301	-1.21430643318376497e-15	0.00000000000000000	-1.16261167359965611e-14	1.00049987506251448	0.00000000000000000	0.00100000000000000002	28.9026524130279761	1.00049987506261306
4	0.999999999999897859	-1.22471477403962581e-15	0.00000000000000000	-7.97625854254135902e-15	1.00049987506251958	0.00000000000000000	0.00100000000000000002	29.2168116783869785	1.00049987506262172
4	0.999999999999894751	-1.22818422099157942e-15	0.00000000000000000	-3.05311331771918049e-15	1.00049987506252114	0.00000000000000000	0.00100000000000000002	29.5309709437459844	1.00049987506262705
4	0.999999999999893197	-1.24553145575134749e-15	0.00000000000000000	1.83880688453541552e-15	1.00049987506252136	0.00000000000000000	0.00100000000000000002	29.8451302091049833	1.00049987506262839
4	0.999999999999893641	-1.25940924355916195e-15	0.00000000000000000	6.08887940067859290e-15	1.00049987506252069	0.00000000000000000	0.00100000000000000002	30.1592894744639821	1.00049987506262705
4	0.999999999999894418	-1.27502175484295321e-15	0.00000000000000000	8.93729534823251015e-15	1.00049987506251647	0.00000000000000000	0.00100000000000000002	30.4734487398229845	1.00049987506262239
4	0.999999999999896971	-1.27675647831893002e-15	0.00000000000000000	1.01359892701324839e-14	1.00049987506251314	0.00000000000000000	0.00100000000000000002	30.7876080051819834	1.00049987506261640
4	0.999999999999899858	-1.31492039479041978e-15	0.00000000000000000	9.68843061333046762e-15	1.00049987506250848	0.00000000000000000	0.00100000000000000002	31.1017672705409822	1.00049987506260929
4	0.999999999999902522	-1.33400235302616466e-15	0.00000000000000000	7.93809462606986926e-15	1.00049987506250670	0.00000000000000000	0.00100000000000000002	31.4159265358999811	1.00049987506260418
5	0.999999999999904632	-1.36175792864179357e-15	0.00000000000000000	5.89979454179712093e-15	1.00049987506250559	0.00000000000000000	0.00100000000000000002	31.7300858012589835	1.00049987506260107
5	0.999999999999905076	-1.38257461035351525e-15	0.00000000000000000	3.51281503885303437e-15	1.00049987506250448	0.00000000000000000	0.00100000000000000002	32.0442450666179823	1.00049987506259974
5	0.999999999999904410	-1.38604405730546887e-15	0.00000000000000000	4.09394740330526474e-16	1.00049987506250426	0.00000000000000000	0.00100000000000000002	32.3584043319769847	1.00049987506259974
5	0.999999999999902967	-1.40339129206523694e-15	0.00000000000000000	-2.54657406273395281e-15	1.00049987506250360	0.00000000000000000	0.00100000000000000002	32.6725635973359800	1.00049987506260063
5	0.999999999999901745	-1.41033018596914417e-15	0.00000000000000000	-5.55458457007773632e-15	1.00049987506250559	0.00000000000000000	0.00100000000000000002	32.9867228626949753	1.00049987506260374
5	0.999999999999898526	-1.44155520853672670e-15	0.00000000000000000	-7.80278619494367831e-15	1.00049987506250893	0.00000000000000000	0.00100000000000000002	33.3008821280539706	1.00049987506261040
5	0.999999999999894640	-1.44675937896465712e-15	0.00000000000000000	-9.45250822059762186e-15	1.00049987506251226	0.00000000000000000	0.00100000000000000002	33.6150413934129517	1.00049987506261773
5	0.999999999999891309	-1.47971912500821645e-15	0.00000000000000000	-8.83668138662585534e-15	1.00049987506251781	0.00000000000000000	0.00100000000000000002	33.9292006587719541	1.00049987506262661
5	0.999999999999887756	-1.48492329543614687e-15	0.00000000000000000	-6.86430079444022567e-15	1.00049987506252158	0.00000000000000000	0.00100000000000000002	34.2433599241309707	1.00049987506263371
5	0.999999999999885647	-1.50140316845792654e-15	0.00000000000000000	-3.86236181926236100e-15	1.00049987506252291	0.00000000000000000	0.00100000000000000002	34.5575191894899802	1.00049987506263727
5	0.999999999999883538	-1.53089346754953226e-15	0.00000000000000000	-1.24119464706140548e-15	1.00049987506252291	0.00000000000000000	0.00100000000000000002	34.8716784548489898	1.00049987506263971
5	0.999999999999883094	-1.55084278752326554e-15	0.00000000000000000	9.89659743044768447e-16	1.00049987506252291	0.00000000000000000	0.00100000000000000002	35.1858377202079993	1.00049987506263949
5	0.999999999999883205	-1.55951640490314958e-15	0.00000000000000000	3.09648140461860066e-15	1.00049987506252180	0.00000000000000000	0.00100000000000000002	35.4999969855669946	1.00049987506263882
5	0.999999999999883538	-1.58727198051877849e-15	0.00000000000000000	3.77909509241547426e-15	1.00049987506252003	0.00000000000000000	0.00100000000000000002	35.8141562509260041	1.00049987506263682
5	0.999999999999883427	-1.60028240658860454e-15	0.00000000000000000	4.15726481017841820e-15	1.00049987506251981	0.00000000000000000	0.00100000000000000002	36.1283155162849994	1.00049987506263638
5	0.999999999999882871	-1.60982338570647698e-15	0.00000000000000000	3.76348258113168299e-15	1.00049987506251825	0.00000000000000000	0.00100000000000000002	36.4424747816440089	1.00049987506263527
5	0.999999999999883316	-1.64104840827405951e-15	0.00000000000000000	2.93515212135275760e-15	1.00049987506251781	0.00000000000000000	0.00100000000000000002	36.7566340470030184	1.00049987506263438
5	0.999999999999883316	-1.64451785522601313e-15	0.00000000000000000	2.31238639347708386e-15	1.00049987506251714	0.00000000000000000	0.00100000000000000002	37.0707933123620137	1.00049987506263438
5	0.999999999999882760	-1.69135538907738692e-15	0.00000000000000000	4.59701721133853880e-16	1.00049987506251625	0.00000000000000000	0.00100000000000000002	37.3849525777210090	1.00049987506263327
5	0.999999999999882427	-1.70349845340922457e-15	0.00000000000000000	-2.19269047363468417e-15	1.00049987506251425	0.00000000000000000	0.00100000000000000002	37.6991118430799972	1.00049987506263194
6	0.999999999999879652	-1.71737624121703902e-15	0.00000000000000000	-5.22498710964214297e-15	1.00049987506251647	0.00000000000000000	0.00100000000000000002	38.0132711084389854	1.00049987506263705
6	0.999999999999876765	-1.73125402902485348e-15	0.00000000000000000	-8.54524784266175175e-15	1.00049987506251803	0.00000000000000000	0.00100000000000000002	38.3274303737979807	1.00049987506264082
6	0.999999999999872879	-1.75380543421255197e-15	0.00000000000000000	-1.12583553590894780e-14	1.00049987506252158	0.00000000000000000	0.00100000000000000002	38.6415896391569760	1.00049987506264904
6	0.999999999999867328	-1.75380543421255197e-15	0.00000000000000000	-1.23919971506403215e-14	1.00049987506252647	0.00000000000000000	0.00100000000000000002	38.9557489045159713	1.00049987506265992
6	0.999999999999862110	-1.76334641333042441e-15	0.00000000000000000	-1.27146557171720076e-14	1.00049987506252958	0.00000000000000000	0.00100000000000000002	39.2699081698749666	1.00049987506266747
6	0.999999999999857447	-1.78242837156616929e-15	0.00000000000000000	-1.19123461095327343e-14	1.00049987506253468	0.00000000000000000	0.00100000000000000002	39.5840674352339619	1.00049987506267724
6	0.999999999999853340	-1.79457143589800694e-15	0.00000000000000000	-1.02487462960709763e-14	1.00049987506253713	0.00000000000000000	0.00100000000000000002	39.8982267005929501	1.00049987506268390
6	0.999999999999850120	-1.80844922370582140e-15	0.00000000000000000	-7.67701874293535980e-15	1.00049987506254090	0.00000000000000000	0.00100000000000000002	40.2123859659519454	1.00049987506269078
6	0.999999999999847566	-1.83273535236949670e-15	0.00000000000000000	-4.56145538008101425e-15	1.00049987506254245	0.00000000000000000	0.00100000000000000002	40.5265452313109620	1.00049987506269478
6	0.999999999999845901	-1.85268467234322998e-15	0.00000000000000000	-8.93382590128055654e-16	1.00049987506254445	0.00000000000000000	0.00100000000000000002	40.8407044966699431	1.00049987506269855
6	0.999999999999844791	-1.86135828972311401e-15	0.00000000000000000	3.15025783237388168e-15	1.00049987506254490	0.00000000000000000	0.00100000000000000002	41.1548637620289526	1.00049987506270011
6	0.999999999999846567	-1.87697080100690528e-15	0.00000000000000000	6.14265582843387392e-15	1.00049987506254201	0.00000000000000000	0.00100000000000000002	41.4690230273879621	1.00049987506269544
6	0.999999999999847233	-1.89605275924265015e-15	0.00000000000000000	8.61810622865277765e-15	1.00049987506254068	0.00000000000000000	0.00100000000000000002	41.7831822927469574	1.00049987506269367
6	0.999999999999849676	-1.89605275924265015e-15	0.00000000000000000	1.02834407655905125e-14	1.00049987506253890	0.00000000000000000	0.00100000000000000002	42.0973415581059527	1.00049987506268945
6	0.999999999999853006	-1.91339999400241823e-15	0.00000000000000000	1.15497889030535816e-14	1.00049987506253557	0.00000000000000000	0.00100000000000000002	42.4115008234649480	1.00049987506268279
6	0.999999999999855893	-1.93248195223816310e-15	0.00000000000000000	1.12531511886615476e-14	1.00049987506253024	0.00000000000000000	0.00100000000000000002	42.7256600888239504	1.00049987506267479
6	0.999999999999857891	-1.96891114523367605e-15	0.00000000000000000	8.78637440582252793e-15	1.00049987506252647	0.00000000000000000	0.00100000000000000002	43.0398193541829528	1.00049987506266880
6	0.999999999999859002	-1.98278893304149051e-15	0.00000000000000000	5.24580379135386465e-15	1.00049987506252624	0.00000000000000000	0.00100000000000000002	43.3539786195419623	1.00049987506266747
6	0.999999999999859668	-2.00880978518114262e-15	0.00000000000000000	1.14665221762066949e-15	1.00049987506252402	0.00000000000000000	0.00100000000000000002	43.6681378849009647	1.00049987506266458
6	0.999999999999858113	-2.05044314860458599e-15	0.00000000000000000	-3.73659436725404248e-15	1.00049987506252380	0.00000000000000000	0.00100000000000000002	43.9822971502599671	1.00049987506266569
7	0.999999999999855227	-2.06779038336435406e-15	0.00000000000000000	-8.72218963721138607e-15	1.00049987506252558	0.00000000000000000	0.00100000000000000002	44.2964564156189695	1.00049987506267080
7	0.999999999999850564	-2.08513761812412213e-15	0.00000000000000000	-1.28543009569881406e-14	1.00049987506253046	0.00000000000000000	0.00100000000000000002	44.6106156809779648	1.00049987506267946
7	0.999999999999844902	-2.10248485288389020e-15	0.00000000000000000	-1.61780311369597030e-14	1.00049987506253357	0.00000000000000000	0.00100000000000000002	44.9247749463369530	1.00049987506268856
7	0.999999999999838685	-2.12503625807158869e-15	0.00000000000000000	-1.82631687550838251e-14	1.00049987506254023	0.00000000000000000	0.00100000000000000002	45.2389342116959483	1.00049987506270188
7	0.999999999999832467	-2.13717932240342634e-15	0.00000000000000000	-1.85945009389953952e-14	1.00049987506254423	0.00000000000000000	0.00100000000000000002	45.5530934770549294	1.00049987506271187
7	0.999999999999825140	-2.13891404587940315e-15	0.00000000000000000	-1.85754189807596504e-14	1.00049987506254889	0.00000000000000000	0.00100000000000000002	45.8672527424139460	1.00049987506272386
7	0.999999999999817812	-2.15192447194922920e-15	0.00000000000000000	-1.76881079227975135e-14	1.00049987506255444	0.00000000000000000	0.00100000000000000002	46.1814120077729413	1.00049987506273697
7	0.999999999999812927	-2.16493489801905525e-15	0.00000000000000000	-1.53497006771807776e-14	1.00049987506255933	0.00000000000000000	0.00100000000000000002	46.4955712731319437	1.00049987506274651
7	0.999999999999808153	-2.17447587713692769e-15	0.00000000000000000	-1.19531121112181893e-14	1.00049987506256244	0.00000000000000000	0.00100000000000000002	46.8097305384909532	1.00049987506275428
7	0.999999999999803157	-2.20049672927657980e-15	0.00000000000000000	-8.57820758870531108e-15	1.00049987506256444	0.00000000000000000	0.00100000000000000002	47.1238898038499556	1.00049987506276161
7	0.999999999999800715	-2.20483353796652182e-15	0.00000000000000000	-4.64385474518991259e-15	1.00049987506256666	0.00000000000000000	0.00100000000000000002	47.4380490692089509	1.00049987506276605
7	0.999999999999798939	-2.22738494315422031e-15	0.00000000000000000	-5.02202446295285654e-16	1.00049987506256799	0.00000000000000000	0.00100000000000000002	47.7522083345679533	1.00049987506276916
7	0.999999999999798828	-2.24473217791398838e-15	0.00000000000000000	3.61863317088761960e-15	1.00049987506256710	0.00000000000000000	0.00100000000000000002	48.0663675999269486	1.00049987506276872
7	0.999999999999799272	-2.27075303005364049e-15	0.00000000000000000	6.42801784023205869e-15	1.00049987506256510	0.00000000000000000	0.00100000000000000002	48.3805268652859439	1.00049987506276605
7	0.999999999999800715	-2.28983498828938536e-15	0.00000000000000000	8.54351311918577494e-15	1.00049987506256355	0.00000000000000000	0.00100000000000000002	48.6946861306449463	1.00049987506276272
7	0.999999999999802824	-2.30024332914524621e-15	0.00000000000000000	9.91220994173147574e-15	1.00049987506256088	0.00000000000000000	0.00100000000000000002	49.0088453960039487	1.00049987506275806
7	0.999999999999805711	-2.32106001085696789e-15	0.00000000000000000	9.75435010541758629e-15	1.00049987506255667	0.00000000000000000	0.00100000000000000002	49.3230046613629582	1.00049987506275118
7	0.999999999999807709	-2.34014196909271277e-15	0.00000000000000000	8.74821048935103818e-15	1.00049987506255600	0.00000000000000000	0.00100000000000000002	49.6371639267219606	1.00049987506274807
7	0.999999999999808931	-2.35922392732845765e-15	0.00000000000000000	7.24593995915512323e-15	1.00049987506255378	0.00000000000000000	0.00100000000000000002	49.9513231920809488	1.00049987506274540
7	0.999999999999809597	-2.38697950294408656e-15	0.00000000000000000	5.39152056333591645e-15	1.00049987506255245	0.00000000000000000	0.00100000000000000002	50.2654824574399441	1.00049987506274318
8	0.999999999999809597	-2.40606146117983144e-15	0.00000000000000000	2.56565602096969769e-15	1.00049987506255111	0.00000000000000000	0.00100000000000000002	50.5796417227989323	1.00049987506274185
8	0.999999999999809486	-2.42167397246362270e-15	0.00000000000000000	-7.83227649403528403e-16	1.00049987506255156	0.00000000000000000	0.00100000000000000002	50.8938009881579276	1.00049987506274229
8	0.999999999999806599	-2.43468439853344876e-15	0.00000000000000000	-3.56051993444239656e-15	1.00049987506255333	0.00000000000000000	0.00100000000000000002	51.2079602535169371	1.00049987506274674
8	0.999999999999803935	-2.44162329243735599e-15	0.00000000000000000	-6.14178846669588552e-15	1.00049987506255578	0.00000000000000000	0.00100000000000000002	51.5221195188759395	1.00049987506275206
8	0.999999999999799938	-2.45116427155522842e-15	0.00000000000000000	-7.41160605111090831e-15	1.00049987506255955	0.00000000000000000	0.00100000000000000002	51.8362787842349420	1.00049987506275961
8	0.999999999999796052	-2.47718512369488053e-15	0.00000000000000000	-8.71698546678345565e-15	1.00049987506256044	0.00000000000000000	0.00100000000000000002	52.1504380495939230	1.00049987506276494
8	0.999999999999791722	-2.48152193238482255e-15	0.00000000000000000	-9.88532172785383523e-15	1.00049987506256310	0.00000000000000000	0.00100000000000000002	52.4645973149529254	1.00049987506277183
8	0.999999999999787392	-2.49886916714459062e-15	0.00000000000000000	-1.09174821960600354e-14	1.00049987506256488	0.00000000000000000	0.00100000000000000002	52.7787565803119136	1.00049987506277804
8	0.999999999999781286	-2.51621640190435869e-15	0.00000000000000000	-1.13676429380760169e-14	1.00049987506257132	0.00000000000000000	0.00100000000000000002	53.0929158456709160	1.00049987506279026
8	0.999999999999776734	-2.55351295663786004e-15	0.00000000000000000	-1.03649727689614224e-14	1.00049987506257509	0.00000000000000000	0.00100000000000000002	53.4070751110299184	1.00049987506279825
8	0.999999999999772959	-2.55091087142389483e-15	0.00000000000000000	-7.87217513398275059e-15	1.00049987506257909	0.00000000000000000	0.00100000000000000002	53.7212343763889137	1.00049987506280647
8	0.999999999999770073	-2.58213589399147736e-15	0.00000000000000000	-5.14085302105726782e-15	1.00049987506257954	0.00000000000000000	0.00100000000000000002	54.0353936417479090	1.00049987506281002
8	0.999999999999768074	-2.58994214963337299e-15	0.00000000000000000	-2.24473217791398838e-15	1.00049987506258220	0.00000000000000000	0.00100000000000000002	54.3495529071069114	1.00049987506281424
8	0.999999999999766631	-2.59861576701325703e-15	0.00000000000000000	1.25593979660720834e-15	1.00049987506258398	0.00000000000000000	0.00100000000000000002	54.6637121724659139	1.00049987506281779
8	0.999999999999766076	-2.61596300177302510e-15	0.00000000000000000	4.42527958721683490e-15	1.00049987506258109	0.00000000000000000	0.00100000000000000002	54.9778714378249163	1.00049987506281557
8	0.999999999999766520	-2.62290189567693233e-15	0.00000000000000000	5.78530279238265166e-15	1.00049987506257931	0.00000000000000000	0.00100000000000000002	55.2920307031839187	1.00049987506281246
8	0.999999999999766853	-2.66626998257635250e-15	0.00000000000000000	6.34561847512316035e-15	1.00049987506257820	0.00000000000000000	0.00100000000000000002	55.6061899685429211	1.00049987506281179
8	0.999999999999767630	-2.68014777038416696e-15	0.00000000000000000	5.72458747072346341e-15	1.00049987506257598	0.00000000000000000	0.00100000000000000002	55.9203492339019306	1.00049987506280869
8	0.999999999999768296	-2.68361721733612058e-15	0.00000000000000000	4.32986979603811051e-15	1.00049987506257354	0.00000000000000000	0.00100000000000000002	56.2345084992609259	1.00049987506280535
8	0.999999999999767408	-2.70443389904784226e-15	0.00000000000000000	1.93421667571413991e-15	1.00049987506257287	0.00000000000000000	0.00100000000000000002	56.5486677646199283	1.00049987506280558
9	0.999999999999766187	-2.72351585728358714e-15	0.00000000000000000	-1.20910226275583454e-15	1.00049987506257265	0.00000000000000000	0.00100000000000000002	56.8628270299789236	1.00049987506280691
9	0.999999999999764189	-2.73479155987743638e-15	0.00000000000000000	-4.21884749357559485e-15	1.00049987506257376	0.00000000000000000	0.00100000000000000002	57.1769862953379189	1.00049987506281002
9	0.999999999999760747	-2.73132211292548277e-15	0.00000000000000000	-7.25027676784506525e-15	1.00049987506257576	0.00000000000000000	0.00100000000000000002	57.4911455606969142	1.00049987506281512
9	0.999999999999757083	-2.76775130592099572e-15	0.00000000000000000	-9.39439498415239882e-15	1.00049987506258065	0.00000000000000000	0.00100000000000000002	57.8053048260559166	1.00049987506282312
9	0.999999999999753086	-2.78683326415674060e-15	0.00000000000000000	-1.00770086719492724e-14	1.00049987506258442	0.00000000000000000	0.00100000000000000002	58.1194640914149332	1.00049987506283133
9	0.999999999999748090	-2.79550688153662463e-15	0.00000000000000000	-9.43342626236187698e-15	1.00049987506258864	0.00000000000000000	0.00100000000000000002	58.4336233567739427	1.00049987506284022
9	0.999999999999744427	-2.82759926584219556e-15	0.00000000000000000	-7.95977866951957935e-15	1.00049987506259264	0.00000000000000000	0.00100000000000000002	58.7477826221329380	1.00049987506284865
9	0.999999999999740874	-2.82412981889024195e-15	0.00000000000000000	-5.44616435282918587e-15	1.00049987506259486	0.00000000000000000	0.00100000000000000002	59.0619418874919333	1.00049987506285443
9	0.999999999999737543	-2.84841594755391725e-15	0.00000000000000000	-2.59254423484733820e-15	1.00049987506259686	0.00000000000000000	0.00100000000000000002	59.3761011528509215	1.00049987506285931
9	0.999999999999736211	-2.86923262926563893e-15	0.00000000000000000	4.17200995972422106e-16	1.00049987506259774	0.00000000000000000	0.00100000000000000002	59.6902604182099168	1.00049987506286175
9	0.999999999999735545	-2.88744722576339541e-15	0.00000000000000000	3.44255873807597368e-15	1.00049987506259819	0.00000000000000000	0.00100000000000000002	60.0044196835689263	1.00049987506286309
9	0.999999999999735989	-2.88137569359747658e-15	0.00000000000000000	6.29531149431983295e-15	1.00049987506259686	0.00000000000000000	0.00100000000000000002	60.3185789489279358	1.00049987506286109
9	0.999999999999736877	-2.90045765183322146e-15	0.00000000000000000	8.24861012826971773e-15	1.00049987506259552	0.00000000000000000	0.00100000000000000002	60.6327382142869453	1.00049987506285887
9	0.999999999999737765	-2.91780488659298953e-15	0.00000000000000000	9.98680305119847844e-15	1.00049987506259486	0.00000000000000000	0.00100000000000000002	60.9468974796459406	1.00049987506285754
9	0.999999999999739320	-2.92647850397287357e-15	0.00000000000000000	1.07795716797198793e-14	1.00049987506259108	0.00000000000000000	0.00100000000000000002	61.2610567450049430	1.00049987506285198
9	0.999999999999742095	-2.94556046220861845e-15	0.00000000000000000	1.06026298851702450e-14	1.00049987506258997	0.00000000000000000	0.00100000000000000002	61.5752160103639454	1.00049987506284777
9	0.999999999999743316	-2.96464242044436332e-15	0.00000000000000000	9.77169734017735436e-15	1.00049987506258709	0.00000000000000000	0.00100000000000000002	61.8893752757229407	1.00049987506284355
9	0.999999999999744205	-2.97158131434827055e-15	0.00000000000000000	7.72819308547667561e-15	1.00049987506258553	0.00000000000000000	0.00100000000000000002	62.2035345410819502	1.00049987506284133
9	0.999999999999744982	-2.99066327258401543e-15	0.00000000000000000	5.63438184997266944e-15	1.00049987506258486	0.00000000000000000	0.00100000000000000002	62.5176938064409384	1.00049987506283977
9	0.999999999999744649	-3.00627578386780669e-15	0.00000000000000000	2.50841014626246306e-15	1.00049987506258331	0.00000000000000000	0.00100000000000000002	62.8318530717999408	1.00049987506283866
10	0.999999999999742761	-3.03229663600745880e-15	0.00000000000000000	-1.07032438467768998e-15	1.00049987506258420	0.00000000000000000	0.00100000000000000002	63.1460123371589432	1.00049987506284177
10	0.999999999999740319	-3.05745012640912250e-15	0.00000000000000000	-4.03409944338406490e-15	1.00049987506258642	0.00000000000000000	0.00100000000000000002	63.4601716025179385	1.00049987506284666
10	0.999999999999736877	-3.07826680812084419e-15	0.00000000000000000	-6.80098338756707221e-15	1.00049987506258842	0.00000000000000000	0.00100000000000000002	63.7743308678769409	1.00049987506285154
10	0.999999999999732991	-3.08780778723871663e-15	0.00000000000000000	-9.76128899932149352e-15	1.00049987506258975	0.00000000000000000	0.00100000000000000002	64.0884901332359362	1.00049987506285709
10	0.999999999999727995	-3.11556336285434554e-15	0.00000000000000000	-1.21907692274270119e-14	1.00049987506259375	0.00000000000000000	0.00100000000000000002	64.4026493985949458	1.00049987506286620
10	0.999999999999722999	-3.13724740630405563e-15	0.00000000000000000	-1.35776806464704691e-14	1.00049987506259885	0.00000000000000000	0.00100000000000000002	64.7168086639539410	1.00049987506287597
10	0.999999999999717337	-3.14071685325600924e-15	0.00000000000000000	-1.30910907114589747e-14	1.00049987506260396	0.00000000000000000	0.00100000000000000002	65.0309679293129648	1.00049987506288685
10	0.999999999999712896	-3.14418630020796286e-15	0.00000000000000000	-1.19739287929299110e-14	1.00049987506260663	0.00000000000000000	0.00100000000000000002	65.3451271946719601	1.00049987506289373
10	0.999999999999708677	-3.16326825844370774e-15	0.00000000000000000	-9.32760813032729175e-15	1.00049987506261218	0.00000000000000000	0.00100000000000000002	65.6592864600309412	1.00049987506290372
10	0.999999999999705236	-3.18408494015542942e-15	0.00000000000000000	-5.25534477047173709e-15	1.00049987506261617	0.00000000000000000	0.00100000000000000002	65.9734457253899365	1.00049987506291083
10	0.999999999999702682	-3.20403426012916270e-15	0.00000000000000000	-2.60208521396521064e-17	1.00049987506261862	0.00000000000000000	0.00100000000000000002	66.2876049907489175	1.00049987506291593
10	0.999999999999702793	-3.23352455922076842e-15	0.00000000000000000	5.40886779809568452e-15	1.00049987506261839	0.00000000000000000	0.00100000000000000002	66.6017642561079128	1.00049987506291571
10	0.999999999999704237	-3.25087179398053649e-15	0.00000000000000000	1.08454911718069980e-14	1.00049987506261706	0.00000000000000000	0.00100000000000000002	66.9159235214669081	1.00049987506291349
10	0.999999999999707678	-3.25607596440846692e-15	0.00000000000000000	1.53869972319142789e-14	1.00049987506261395	0.00000000000000000	0.00100000000000000002	67.2300827868258892	1.00049987506290661
10	0.999999999999711564	-3.27168847569225818e-15	0.00000000000000000	1.91027749174565997e-14	1.00049987506260996	0.00000000000000000	0.00100000000000000002	67.5442420521848845	1.00049987506289839
10	0.999999999999716338	-3.28209681654811902e-15	0.00000000000000000	2.14619988447850574e-14	1.00049987506260507	0.00000000000000000	0.00100000000000000002	67.8584013175438940	1.00049987506288884
10	0.999999999999721001	-3.32199545649558559e-15	0.00000000000000000	2.15799600411514803e-14	1.00049987506259908	0.00000000000000000	0.00100000000000000002	68.1725605829028893	1.00049987506287863
10	0.999999999999726108	-3.32719962692351601e-15	0.00000000000000000	1.97966643078473226e-14	1.00049987506259330	0.00000000000000000	0.00100000000000000002	68.4867198482618988	1.00049987506286775
10	0.999999999999730216	-3.34628158515926089e-15	0.00000000000000000	1.58154739304805503e-14	1.00049987506258731	0.00000000000000000	0.00100000000000000002	68.8008791136208941	1.00049987506285798
10	0.999999999999732880	-3.37750660772684341e-15	0.00000000000000000	9.55225482046628827e-15	1.00049987506258420	0.00000000000000000	0.00100000000000000002	69.1150383789799037	1.00049987506285132
11	0.999999999999733324	-3.39311911901063468e-15	0.00000000000000000	2.73479155987743638e-15	1.00049987506258375	0.00000000000000000	0.00100000000000000002	69.4291976443388990	1.00049987506285043
11	0.999999999999731437	-3.42174205636425199e-15	0.00000000000000000	-4.33073715777609891e-15	1.00049987506258398	0.00000000000000000	0.00100000000000000002	69.7433569096979085	1.00049987506285243
11	0.999999999999728773	-3.43475248243407805e-15	0.00000000000000000	-1.08532974274488936e-14	1.00049987506258820	0.00000000000000000	0.00100000000000000002	70.0575161750569322	1.00049987506285931
11	0.999999999999724332	-3.45296707893183452e-15	0.00000000000000000	-1.54867438317829453e-14	1.00049987506259397	0.00000000000000000	0.00100000000000000002	70.3716754404159275	1.00049987506286930
11	0.999999999999718225	-3.48332473976142865e-15	0.00000000000000000	-1.80246442771370141e-14	1.00049987506259930	0.00000000000000000	0.00100000000000000002	70.6858347057749228	1.00049987506288174
11	0.999999999999710898	-3.50327405973516193e-15	0.00000000000000000	-1.91366020252381475e-14	1.00049987506260440	0.00000000000000000	0.00100000000000000002	70.9999939711339323	1.00049987506289373
11	0.999999999999703015	-3.53449908230274445e-15	0.00000000000000000	-1.96041100020138970e-14	1.00049987506260951	0.00000000000000000	0.00100000000000000002	71.3141532364929276	1.00049987506290639
11	0.999999999999695688	-3.55705048749044295e-15	0.00000000000000000	-1.87480239666193427e-14	1.00049987506261551	0.00000000000000000	0.00100000000000000002	71.6283125018519371	1.00049987506291993
11	0.999999999999689360	-3.57873453094015304e-15	0.00000000000000000	-1.61103769213966075e-14	1.00049987506262239	0.00000000000000000	0.00100000000000000002	71.9424717672109466	1.00049987506293303
11	0.999999999999683364	-3.59087759527199069e-15	0.00000000000000000	-1.11230469279632871e-14	1.00049987506262927	0.00000000000000000	0.00100000000000000002	72.2566310325699277	1.00049987506294591
11	0.999999999999678812	-3.60649010655578195e-15	0.00000000000000000	-4.32640034908615689e-15	1.00049987506263260	0.00000000000000000	0.00100000000000000002	72.5707902979289372	1.00049987506295412
11	0.999999999999676370	-3.62730678826750363e-15	0.00000000000000000	2.27422247700559410e-15	1.00049987506263327	0.00000000000000000	0.00100000000000000002	72.8849495632879325	1.00049987506295701
11	0.999999999999676481	-3.64291929955129490e-15	0.00000000000000000	8.76729244758678306e-15	1.00049987506263194	0.00000000000000000	0.00100000000000000002	73.1991088286469136	1.00049987506295568
11	0.999999999999679035	-3.65332764040715574e-15	0.00000000000000000	1.41987116508701661e-14	1.00049987506263016	0.00000000000000000	0.00100000000000000002	73.5132680940059231	1.00049987506295146
11	0.999999999999682920	-3.67414432211887743e-15	0.00000000000000000	1.93352278632374919e-14	1.00049987506262683	0.00000000000000000	0.00100000000000000002	73.8274273593649042	1.00049987506294435
11	0.999999999999687250	-3.70189989773450634e-15	0.00000000000000000	2.25965079980738892e-14	1.00049987506261973	0.00000000000000000	0.00100000000000000002	74.1415866247238995	1.00049987506293281
11	0.999999999999693689	-3.71751240901829760e-15	0.00000000000000000	2.30336583140200446e-14	1.00049987506261218	0.00000000000000000	0.00100000000000000002	74.4557458900828948	1.00049987506291926
11	0.999999999999699130	-3.73485964377806567e-15	0.00000000000000000	2.10751555096422294e-14	1.00049987506260707	0.00000000000000000	0.00100000000000000002	74.7699051554418901	1.00049987506290861
11	0.999999999999703348	-3.76608466634564820e-15	0.00000000000000000	1.72379471807815321e-14	1.00049987506260130	0.00000000000000000	0.00100000000000000002	75.0840644208008854	1.00049987506289839
11	0.999999999999706457	-3.76608466634564820e-15	0.00000000000000000	1.15619319673854193e-14	1.00049987506259752	0.00000000000000000	0.00100000000000000002	75.3982236861598807	1.00049987506289173
12	0.999999999999706568	-3.79470760369926552e-15	0.00000000000000000	3.83981041407466250e-15	1.00049987506259419	0.00000000000000000	0.00100000000000000002	75.7123829515188902	1.00049987506288773
12	0.999999999999705458	-3.79557496543725392e-15	0.00000000000000000	-5.05585157073440428e-15	1.00049987506259486	0.00000000000000000	0.00100000000000000002	76.0265422168778855	1.00049987506288951
12	0.999999999999701017	-3.80901907237607418e-15	0.00000000000000000	-1.29150162786473288e-14	1.00049987506259819	0.00000000000000000	0.00100000000000000002	76.3407014822368808	1.00049987506289750
12	0.999999999999694356	-3.83113679669477847e-15	0.00000000000000000	-1.97081934105725054e-14	1.00049987506260374	0.00000000000000000	0.00100000000000000002	76.6548607475958761	1.00049987506290972
12	0.999999999999686029	-3.86496390447632621e-15	0.00000000000000000	-2.51109896765022711e-14	1.00049987506261262	0.00000000000000000	0.00100000000000000002	76.9690200129548856	1.00049987506292615
12	0.999999999999676703	-3.89011739487798991e-15	0.00000000000000000	-2.66574956553355946e-14	1.00049987506262350	0.00000000000000000	0.00100000000000000002	77.2831792783138809	1.00049987506294680
12	0.999999999999667377	-3.90659726789976958e-15	0.00000000000000000	-2.47952700038744922e-14	1.00049987506263283	0.00000000000000000	0.00100000000000000002	77.5973385436728762	1.00049987506296523
12	0.999999999999658717	-3.93175075830143328e-15	0.00000000000000000	-2.02685090933130141e-14	1.00049987506264104	0.00000000000000000	0.00100000000000000002	77.9114978090318573	1.00049987506298255
12	0.999999999999651168	-3.95516952522712018e-15	0.00000000000000000	-1.33248446998468495e-14	1.00049987506264837	0.00000000000000000	0.00100000000000000002	78.2256570743908526	1.00049987506299720
12	0.999999999999646838	-3.98292510084274909e-15	0.00000000000000000	-5.26488574958960953e-15	1.00049987506265081	0.00000000000000000	0.00100000000000000002	78.5398163397498479	1.00049987506300453
12	0.999999999999644507	-4.01154803819636641e-15	0.00000000000000000	3.72445130292220483e-15	1.00049987506265348	0.00000000000000000	0.00100000000000000002	78.8539756051088432	1.00049987506300919
12	0.999999999999645950	-4.02802791121814607e-15	0.00000000000000000	1.23165366794353304e-14	1.00049987506265037	0.00000000000000000	0.00100000000000000002	79.1681348704678669	1.00049987506300475
12	0.999999999999648836	-4.03149735817009969e-15	0.00000000000000000	1.92719104563643384e-14	1.00049987506264726	0.00000000000000000	0.00100000000000000002	79.4822941358268622	1.00049987506299853
12	0.999999999999655165	-4.04190569902596053e-15	0.00000000000000000	2.52237467024407636e-14	1.00049987506264171	0.00000000000000000	0.00100000000000000002	79.7964534011858717	1.00049987506298699
12	0.999999999999661826	-4.09741685025721836e-15	0.00000000000000000	2.95059116028895119e-14	1.00049987506263460	0.00000000000000000	0.00100000000000000002	80.1106126665448954	1.00049987506297322
12	0.999999999999669598	-4.11910089370692845e-15	0.00000000000000000	3.03880184904237183e-14	1.00049987506262394	0.00000000000000000	0.00100000000000000002	80.4247719319039049	1.00049987506295501
12	0.999999999999677924	-4.13991757541865013e-15	0.00000000000000000	2.78327708103098814e-14	1.00049987506261640	0.00000000000000000	0.00100000000000000002	80.7389311972629002	1.00049987506293880
12	0.999999999999683920	-4.16246898060634862e-15	0.00000000000000000	2.26745705544928455e-14	1.00049987506260885	0.00000000000000000	0.00100000000000000002	81.0530904626219098	1.00049987506292548
12	0.999999999999688471	-4.18502038579404712e-15	0.00000000000000000	1.52542908860020532e-14	1.00049987506260374	0.00000000000000000	0.00100000000000000002	81.3672497279809050	1.00049987506291549
12	0.999999999999690137	-4.21190859967168763e-15	0.00000000000000000	6.57633669742807569e-15	1.00049987506260241	0.00000000000000000	0.00100000000000000002	81.6814089933399146	1.00049987506291238
13	0.999999999999690137	-4.24400098397725856e-15	0.00000000000000000	-2.00013616780125858e-15	1.00049987506260263	0.00000000000000000	0.00100000000000000002	81.9955682586989099	1.00049987506291282
13	0.999999999999686362	-4.26395030395099184e-15	0.00000000000000000	-1.03190025968480370e-14	1.00049987506260529	0.00000000000000000	0.00100000000000000002	82.3097275240579052	1.00049987506291904
13	0.999999999999679701	-4.28216490044874831e-15	0.00000000000000000	-1.79127546129365101e-14	1.00049987506261018	0.00000000000000000	0.00100000000000000002	82.6238867894169147	1.00049987506293059
13	0.999999999999671374	-4.30124685868449319e-15	0.00000000000000000	-2.35462691011711911e-14	1.00049987506261817	0.00000000000000000	0.00100000000000000002	82.9380460547758958	1.00049987506294724
13	0.999999999999662048	-4.31252256127834244e-15	0.00000000000000000	-2.62732544054067318e-14	1.00049987506262950	0.00000000000000000	0.00100000000000000002	83.2522053201349195	1.00049987506296723
13	0.999999999999652056	-4.34027813689397135e-15	0.00000000000000000	-2.60551129283026484e-14	1.00049987506263727	0.00000000000000000	0.00100000000000000002	83.5663645854939290	1.00049987506298499
13	0.999999999999642397	-4.36890107424758867e-15	0.00000000000000000	-2.34660381404072638e-14	1.00049987506264570	0.00000000000000000	0.00100000000000000002	83.8805238508529243	1.00049987506300364
13	0.999999999999633404	-4.40316186289813061e-15	0.00000000000000000	-1.87250388805626500e-14	1.00049987506265259	0.00000000000000000	0.00100000000000000002	84.1946831162119196	1.00049987506301918
13	0.999999999999627187	-4.41660596983695086e-15	0.00000000000000000	-1.24848048566050807e-14	1.00049987506266014	0.00000000000000000	0.00100000000000000002	84.5088423815709149	1.00049987506303317
13	0.999999999999621747	-4.44522890719056818e-15	0.00000000000000000	-4.21104123793369922e-15	1.00049987506266347	0.00000000000000000	0.00100000000000000002	84.8230016469299244	1.00049987506304205
13	0.999999999999619638	-4.47211712106820869e-15	0.00000000000000000	3.94909799306120135e-15	1.00049987506266325	0.00000000000000000	0.00100000000000000002	85.1371609122889339	1.00049987506304427
13	0.999999999999620304	-4.50420950537377962e-15	0.00000000000000000	1.13294790216045271e-14	1.00049987506266169	0.00000000000000000	0.00100000000000000002	85.4513201776479292	1.00049987506304205
13	0.999999999999623190	-4.52415882534751290e-15	0.00000000000000000	1.68836299108132692e-14	1.00049987506265725	0.00000000000000000	0.00100000000000000002	85.7654794430068961	1.00049987506303451
13	0.999999999999627631	-4.54540918792822879e-15	0.00000000000000000	2.09502554193718993e-14	1.00049987506265370	0.00000000000000000	0.00100000000000000002	86.0796387083659198	1.00049987506302629
13	0.999999999999633182	-4.56926163572290989e-15	0.00000000000000000	2.38802033702967265e-14	1.00049987506264637	0.00000000000000000	0.00100000000000000002	86.3937979737249435	1.00049987506301363
13	0.999999999999639066	-4.58140470005474754e-15	0.00000000000000000	2.42453626619898444e-14	1.00049987506264038	0.00000000000000000	0.00100000000000000002	86.7079572390839104	1.00049987506300164
13	0.999999999999645617	-4.60655819045641124e-15	0.00000000000000000	2.25123739094890141e-14	1.00049987506263416	0.00000000000000000	0.00100000000000000002	87.0221165044429057	1.00049987506298943
13	0.999999999999650835	-4.61696653131227208e-15	0.00000000000000000	1.89154247820511046e-14	1.00049987506262816	0.00000000000000000	0.00100000000000000002	87.3362757698019152	1.00049987506297766
13	0.999999999999655054	-4.63518112781002856e-15	0.00000000000000000	1.37450814619022310e-14	1.00049987506262394	0.00000000000000000	0.00100000000000000002	87.6504350351608963	1.00049987506296900
13	0.999999999999657163	-4.67334504428151831e-15	0.00000000000000000	6.73506389547995354e-15	1.00049987506262017	0.00000000000000000	0.00100000000000000002	87.9645943005198774	1.00049987506296323
14	0.999999999999655720	-4.68982491730329798e-15	0.00000000000000000	-7.12103986888479312e-16	1.00049987506262106	0.00000000000000000	0.00100000000000000002	88.2787535658788727	1.00049987506296523
14	0.999999999999651723	-4.71150896075300807e-15	0.00000000000000000	-8.23820178741385689e-15	1.00049987506262328	0.00000000000000000	0.00100000000000000002	88.5929128312378538	1.00049987506297189
14	0.999999999999646949	-4.72235098247786311e-15	0.00000000000000000	-1.52165606503995576e-14	1.00049987506262794	0.00000000000000000	0.00100000000000000002	88.9070720965968775	1.00049987506298144
14	0.999999999999639511	-4.73926453636863698e-15	0.00000000000000000	-2.04259352487579093e-14	1.00049987506263527	0.00000000000000000	0.00100000000000000002	89.2212313619558586	1.00049987506299631
14	0.999999999999630740	-4.75986437764586157e-15	0.00000000000000000	-2.38854075407246569e-14	1.00049987506264215	0.00000000000000000	0.00100000000000000002	89.5353906273148539	1.00049987506301141
14	0.999999999999620637	-4.78436734674403397e-15	0.00000000000000000	-2.48759346455074137e-14	1.00049987506265037	0.00000000000000000	0.00100000000000000002	89.8495498926738776	1.00049987506302962
14	0.999999999999610756	-4.81559236931161649e-15	0.00000000000000000	-2.39322450745760307e-14	1.00049987506265903	0.00000000000000000	0.00100000000000000002	90.1637091580328871	1.00049987506304783
14	0.999999999999601541	-4.84681739187919902e-15	0.00000000000000000	-2.08652539690490357e-14	1.00049987506266702	0.00000000000000000	0.00100000000000000002	90.4778684233918824	1.00049987506306515
14	0.999999999999594436	-4.86763407359092071e-15	0.00000000000000000	-1.57235335862537795e-14	1.00049987506267368	0.00000000000000000	0.00100000000000000002	90.7920276887508635	1.00049987506307869
14	0.999999999999588995	-4.91273688396631769e-15	0.00000000000000000	-8.49320613838244753e-15	1.00049987506267990	0.00000000000000000	0.00100000000000000002	91.1061869541098588	1.00049987506309090
14	0.999999999999585665	-4.94027561914744950e-15	0.00000000000000000	2.35705552298348664e-16	1.00049987506268279	0.00000000000000000	0.00100000000000000002	91.4203462194688683	1.00049987506309734
14	0.999999999999585665	-4.95133448130680165e-15	0.00000000000000000	9.13982431405280238e-15	1.00049987506268212	0.00000000000000000	0.00100000000000000002	91.7345054848278778	1.00049987506309668
14	0.999999999999587330	-4.99340152559923922e-15	0.00000000000000000	1.69178906994638112e-14	1.00049987506267835	0.00000000000000000	0.00100000000000000002	92.0486647501868731	1.00049987506309157
14	0.999999999999592215	-5.01682029252492612e-15	0.00000000000000000	2.33962155204991973e-14	1.00049987506267390	0.00000000000000000	0.00100000000000000002	92.3628240155458684	1.00049987506308247
14	0.999999999999599321	-5.04457586814055503e-15	0.00000000000000000	2.78397097042137887e-14	1.00049987506266680	0.00000000000000000	0.00100000000000000002	92.6769832809048353	1.00049987506306803
14	0.999999999999605760	-5.07233144375618394e-15	0.00000000000000000	2.94738192185839409e-14	1.00049987506265881	0.00000000000000000	0.00100000000000000002	92.9911425462638306	1.00049987506305360
14	0.999999999999613864	-5.09054604025394042e-15	0.00000000000000000	2.78266992781439626e-14	1.00049987506264904	0.00000000000000000	0.00100000000000000002	93.3053018116228259	1.00049987506303606
14	0.999999999999620193	-5.12350578629749975e-15	0.00000000000000000	2.31247312965088270e-14	1.00049987506264193	0.00000000000000000	0.00100000000000000002	93.6194610769818070	1.00049987506302185
14	0.999999999999624856	-5.16340442624496632e-15	0.00000000000000000	1.69413094663894981e-14	1.00049987506263727	0.00000000000000000	0.00100000000000000002	93.9336203423407738	1.00049987506301297
14	0.999999999999627520	-5.19289472533657204e-15	0.00000000000000000	9.32197027903036712e-15	1.00049987506263505	0.00000000000000000	0.00100000000000000002	94.2477796076997976	1.00049987506300764
15	0.999999999999626965	-5.21457876878628213e-15	0.00000000000000000	5.68799564740207764e-16	1.00049987506263371	0.00000000000000000	0.00100000000000000002	94.5619388730587644	1.00049987506300719
15	0.999999999999624523	-5.24927323830581827e-15	0.00000000000000000	-7.38992200766119822e-15	1.00049987506263816	0.00000000000000000	0.00100000000000000002	94.8760981384177740	1.00049987506301363
15	0.999999999999619860	-5.27008992001753995e-15	0.00000000000000000	-1.32706345912225743e-14	1.00049987506264260	0.00000000000000000	0.00100000000000000002	95.1902574037767835	1.00049987506302274
15	0.999999999999611977	-5.30478438953707609e-15	0.00000000000000000	-1.82770465428916395e-14	1.00049987506264793	0.00000000000000000	0.00100000000000000002	95.5044166691357788	1.00049987506303584
15	0.999999999999604094	-5.36029554076833392e-15	0.00000000000000000	-2.09797457184635050e-14	1.00049987506265770	0.00000000000000000	0.00100000000000000002	95.8185759344947741	1.00049987506305316
15	0.999999999999595435	-5.40539835114373091e-15	0.00000000000000000	-2.04870842512860918e-14	1.00049987506266636	0.00000000000000000	0.00100000000000000002	96.1327351998537978	1.00049987506307070
15	0.999999999999587885	-5.42578135198645839e-15	0.00000000000000000	-1.71451394748167729e-14	1.00049987506267501	0.00000000000000000	0.00100000000000000002	96.4468944652128073	1.00049987506308713
15	0.999999999999581002	-5.44356226761522066e-15	0.00000000000000000	-1.13199380424866547e-14	1.00049987506268256	0.00000000000000000	0.00100000000000000002	96.7610537305717884	1.00049987506310156
15	0.999999999999576450	-5.46784839627889596e-15	0.00000000000000000	-3.34769104798349204e-15	1.00049987506268612	0.00000000000000000	0.00100000000000000002	97.0752129959307695	1.00049987506310978
15	0.999999999999575007	-5.49560397189452488e-15	0.00000000000000000	4.66640615037761108e-15	1.00049987506268612	0.00000000000000000	0.00100000000000000002	97.3893722612897363	1.00049987506311178
15	0.999999999999576006	-5.50601231275038572e-15	0.00000000000000000	1.21291865440298352e-14	1.00049987506268523	0.00000000000000000	0.00100000000000000002	97.7035315266487316	1.00049987506310956
15	0.999999999999578892	-5.53420156923500883e-15	0.00000000000000000	1.83277872045639612e-14	1.00049987506267946	0.00000000000000000	0.00100000000000000002	98.0176907920077127	1.00049987506310134
15	0.999999999999582778	-5.54938039964980590e-15	0.00000000000000000	2.26129878710956689e-14	1.00049987506267613	0.00000000000000000	0.00100000000000000002	98.3318500573667080	1.00049987506309335
15	0.999999999999588440	-5.58580959264531884e-15	0.00000000000000000	2.58846763467879271e-14	1.00049987506267013	0.00000000000000000	0.00100000000000000002	98.6460093227257033	1.00049987506308224
15	0.999999999999594658	-5.61356516826094776e-15	0.00000000000000000	2.71605654633688687e-14	1.00049987506266436	0.00000000000000000	0.00100000000000000002	98.9601685880847128	1.00049987506307003
15	0.999999999999600875	-5.64132074387657667e-15	0.00000000000000000	2.64224406243407373e-14	1.00049987506265703	0.00000000000000000	0.00100000000000000002	99.2743278534436939	1.00049987506305649
15	0.999999999999606315	-5.68382146903800844e-15	0.00000000000000000	2.28736300733611841e-14	1.00049987506264992	0.00000000000000000	0.00100000000000000002	99.5884871188026892	1.00049987506304383
15	0.999999999999610978	-5.70030134205978811e-15	0.00000000000000000	1.70835567914195963e-14	1.00049987506264526	0.00000000000000000	0.00100000000000000002	99.9026463841616845	1.00049987506303473
15	0.999999999999612865	-5.73152636462737064e-15	0.00000000000000000	1.02140518265514402e-14	1.00049987506264371	0.00000000000000000	0.00100000000000000002	100.216805649520694	1.00049987506303073
15	0.999999999999612643	-5.75928194024299955e-15	0.00000000000000000	3.05311331771918049e-15	1.00049987506264371	0.00000000000000000	0.00100000000000000002	100.530964914879704	1.00049987506303095
