0	7.71889368758198234e-05	-9.24801031243613271e-05	0	0	7.72275217004652151e-05	-9.25263316216899353e-05	0	0	0.314159265359000017
0	0.000346832603947911852	-0.000425446711231342381	0	0	0.000347005976917484844	-0.00042565938143270275	0	0	0.628318530718000146
0	0.000571427941618865023	-0.000717817259733915191	0	0	0.000571713584196898925	-0.000718176078681482611	0	0	0.942477796076999885
0	0.000630348876818385235	-0.00079860567587666971	0	0	0.000630663972502604978	-0.000799004878938824252	0	0	1.25663706143599962
0	0.000648763248564208179	-0.000808870191541351193	0	0	0.00064908754913367919	-0.000809274525578939329	0	0	1.57079632679499936
0	0.000611800552887213026	-0.000740061171940780273	0	0	0.000612106376726887923	-0.000740431110065412567	0	0	1.88495559215399933
0	0.000573547546207293251	-0.000666971194843776999	0	0	0.000573834248322869275	-0.000667304597111548323	0	0	2.19911485751299951
0	0.000601226718934950153	-0.000672762079604588038	0	0	0.000601527257178718563	-0.000673098376591237915	0	0	2.51327412287200014
0	0.00065923659295108873	-0.000688422467813022861	0	0	0.000659566128884243983	-0.000688766593037195467	0	0	2.82743338823100032
0	0.00068651013615814323	-0.000671547843143366417	0	0	0.000686853305455392173	-0.000671883533163457575	0	0	3.14159265358999962
0	0.000662836914413123326	-0.000640904360555052152	0	0	0.000663168250057146759	-0.000641224732662344773	0	0	3.4557519189489998
0	0.000628267737038149649	-0.000632206822619021578	0	0	0.000628581792412447309	-0.000632522847043971584	0	0	3.76991118430799954
0	0.000605079733597913547	-0.000623893753856051623	0	0	0.000605382197867516004	-0.00062420562278520976	0	0	4.08407044966700017
0	0.00059112358376293896	-0.000599254819856398827	0	0	0.000591419071701242637	-0.000599554372396858223	0	0	4.39822971502599991
0	0.000576325247589448654	-0.000575199020920190581	0	0	0.000576613338208508308	-0.000575486548566630542	0	0	4.71238898038499787
0	0.000558805827210697294	-0.000562248146012603485	0	0	0.000559085160308375371	-0.000562529199839616081	0	0	5.02654824574399761
0	0.000543575521255233664	-0.000550768244302624011	0	0	0.00054384724110275221	-0.000551043559613034707	0	0	5.34070751110299824
0	0.000533454574050944846	-0.000530855199245426363	0	0	0.000533721234689337864	-0.000531120560521185724	0	0	5.65486677646199798
0	0.000527040494287837544	-0.000510938741254215838	0	0	0.000527303948687710654	-0.000511194146789294233	0	0	5.96902604182099772
0	0.000522189625735971011	-0.000498604512562685477	0	0	0.000522450655307642176	-0.000498853752524443315	0	0	6.28318530717999657
1	0.00051799800593302749	-0.000487033478284665667	0	0	0.000518256940218522646	-0.000487276934174973625	0	0	6.5973445725389972
1	0.000513829400474341883	-0.000470050328237339341	0	0	0.000514086250977969931	-0.000470285294674500757	0	0	6.91150383789799783
1	0.000509938645100393496	-0.000452897679737270713	0	0	0.000510193550712485094	-0.000453124071993237822	0	0	7.22566310325699757
1	0.000507531515151581308	-0.000441381324262232321	0	0	0.000507785217499486267	-0.000441601959779331222	0	0	7.53982236861599642
1	0.000507041837979881299	-0.000432010081582227009	0	0	0.000507295295550423816	-0.000432226032648847186	0	0	7.85398163397499527
1	0.000507197869195195016	-0.000420082148351817492	0	0	0.000507451404761885484	-0.000420292136942100895	0	0	8.16814089933399323
1	0.000506546073984227461	-0.000407872973732232203	0	0	0.000506799283734769672	-0.000408076859260611232	0	0	8.48230016469299208
1	0.000505268862864298148	-0.000399737285005070378	0	0	0.000505521434168871523	-0.000399937103705555865	0	0	8.79645943005199271
1	0.000503833900510663514	-0.000395321052116779661	0	0	0.000504085754513350381	-0.000395518663252581956	0	0	9.11061869541099334
1	0.0005019121819082636	-0.000393078588986723969	0	0	0.000502163075291734134	-0.000393275079171118505	0	0	9.42477796076999397
1	0.000499376289045215548	-0.000394208407810787097	0	0	0.00049962591479905331	-0.000394405462763408609	0	0	9.7389372261289946
1	0.000496863000097317177	-0.000398605518951993421	0	0	0.000497111369520646129	-0.000398804771910785019	0	0	10.0530964914879934
1	0.000495115243453746277	-0.000405094246663227056	0	0	0.000495362739217074331	-0.00040529674317515182	0	0	10.3672557568469976
1	0.000494736465416225702	-0.000413975129832560467	0	0	0.000494983771837811059	-0.000414182065676470474	0	0	10.6814150222059983
1	0.000496261524002387933	-0.000425976799288847676	0	0	0.000496509592762679557	-0.000426189734467981546	0	0	10.9955742875650024
1	0.000499479386544392895	-0.000440455074043819819	0	0	0.000499729063833882596	-0.000440675246551413744	0	0	11.3097335529239977
1	0.00050340070095498241	-0.000456099665606070706	0	0	0.000503652338411723173	-0.000456327658454817387	0	0	11.6238928182830001
1	0.000507292914676578301	-0.000472161357564683125	0	0	0.000507546497753871102	-0.000472397379252677979	0	0	11.9380520836420025
1	0.000510839745823396117	-0.000483111062704200274	0	0	0.000511095101873117511	-0.000483352557876724081	0	0	12.2522113490010049
1	0.00051177586848813331	-0.000480741041986082712	0	0	0.000512031692482230552	-0.000480981352444352032	0	0	12.5663706143600056
2	0.000508364158584829703	-0.000462724010218394405	0	0	0.000508618277150242712	-0.000462955314411798709	0	0	12.8805298797190044
2	0.000502326983462979227	-0.000438003797883827924	0	0	0.00050257808419513334	-0.000438222745059577503	0	0	13.1946891450780033
2	0.0004963009981739971	-0.000414562343494022714	0	0	0.000496549086666421427	-0.000414769572871335329	0	0	13.5088484104370021
2	0.000489982868463359304	-0.000395111981004091727	0	0	0.000490227798680348183	-0.000395309487630284993	0	0	13.8230076757959974
2	0.00048500642821904731	-0.000384861438344152331	0	0	0.000485248870837707744	-0.000385053820979739108	0	0	14.1371669411549998
2	0.000483299577540863463	-0.000388587999134849696	0	0	0.000483541166947476281	-0.000388782244585282805	0	0	14.4513262065139987
2	0.000484687752241553637	-0.00040575643591658062	0	0	0.000484930035562113754	-0.000405959263440451806	0	0	14.7654854718729993
2	0.000487829309475102237	-0.000429959883891489292	0	0	0.000488073163181808399	-0.00043017481011545461	0	0	15.0796447372319999
2	0.000490605961439863673	-0.000448538258403142912	0	0	0.000490851203125658485	-0.000448762471493241921	0	0	15.3938040025909988
2	0.000491962016445060026	-0.000453038921420306111	0	0	0.000492207935988939714	-0.000453265384279616379	0	0	15.7079632679499976
2	0.000492366834903131597	-0.000444391858483197217	0	0	0.000492612956805660545	-0.000444613998891378473	0	0	16.0221225333089983
2	0.000492251855109159344	-0.000429776871137429811	0	0	0.000492497919536131752	-0.000429991705877874229	0	0	16.3362817986680007
2	0.000491651959058940296	-0.000418206743387768783	0	0	0.000491897723612807623	-0.000418415794509852817	0	0	16.6504410640269995
2	0.000491086321448210125	-0.000414077417457853008	0	0	0.000491331803253903512	-0.000414284404432844154	0	0	16.9646003293860019
2	0.000491739517867407962	-0.000416966823978129873	0	0	0.000491985326189656787	-0.000417175255295343936	0	0	17.2787595947450008
2	0.00049393699402362518	-0.000424537314182032121	0	0	0.000494183900809358348	-0.000424749529798467394	0	0	17.5929188601039961
2	0.00049644242640332556	-0.000434391879567042202	0	0	0.000496690585592191427	-0.000434609021234933868	0	0	17.9070781254629914
2	0.000499054426975545926	-0.00044506046637493769	0	0	0.000499303891838343938	-0.000445282941003311591	0	0	18.2212373908219938
2	0.000502263167341797183	-0.00045407083333750002	0	0	0.000502514236173880386	-0.000454297812023617175	0	0	18.5353966561809891
2	0.000505284307313494797	-0.0004581468125514417	0	0	0.00050553688633811337	-0.000458375828717926383	0	0	18.8495559215399915
3	0.000507555396814598136	-0.000456328644488062946	0	0	0.000507809111100243063	-0.000456556751797691643	0	0	19.1637151868989903
3	0.000509606767101403136	-0.000450827139148402272	0	0	0.000509861506815933964	-0.00045105249639273813	0	0	19.4778744522579856
3	0.000511233149881709843	-0.000444340622658475064	0	0	0.000511488702584475454	-0.000444562737455012546	0	0	19.7920337176169809
3	0.000512725687122117784	-0.000438636312350782073	0	0	0.000512981985907071071	-0.000438855575704885984	0	0	20.1061929829759798
3	0.000516501275063646712	-0.000431720741683127695	0	0	0.000516759461170893347	-0.000431936548115944131	0	0	20.4203522483349822
3	0.000525707962281705748	-0.000423066061066881794	0	0	0.000525970750582326714	-0.000423277541240707478	0	0	20.7345115136939739
3	0.000540227714356119183	-0.000417526335974667236	0	0	0.000540497760718733474	-0.000417735046978081335	0	0	21.0486707790529692
3	0.000552203930551822255	-0.000413247449908610309	0	0	0.000552479963526265752	-0.000413454022003592364	0	0	21.3628300444119681
3	0.000555949913413684885	-0.000407869622669500211	0	0	0.000556227818911545629	-0.000408073506522753599	0	0	21.6769893097709669
3	0.000553201615438586505	-0.000408347282058148036	0	0	0.000553478147130812893	-0.000408551404681406223	0	0	21.9911485751299693
3	0.000545941292472130481	-0.00041447339486423197	0	0	0.000546214194909934708	-0.000414680579778488627	0	0	22.3053078404889682
3	0.000534983399766484073	-0.000415641379465536644	0	0	0.000535250824626963204	-0.00041584914822614705	0	0	22.619467105847967
3	0.000524656788534742574	-0.000411503895797780375	0	0	0.000524919051379756779	-0.000411709596333456097	0	0	22.9336263712069659
3	0.00051812117276134979	-0.000408519413989684855	0	0	0.00051838016861499147	-0.00040872362265730321	0	0	23.2477856365659719
3	0.000515306117475251087	-0.000406535136410707298	0	0	0.000515563706152931834	-0.000406738353187424532	0	0	23.5619449019249707
3	0.000516280918082032744	-0.000401004897554730407	0	0	0.00051653899403820687	-0.000401205349902933686	0	0	23.8761041672839696
3	0.000521825019055627802	-0.000393244637028957312	0	0	0.000522085866369610208	-0.000393441210216432982	0	0	24.1902634326429684
3	0.000532092059193220598	-0.000389212150112422709	0	0	0.000532358038744528013	-0.000389406707560243162	0	0	24.5044226980019637
3	0.000544795438428359634	-0.000389616596719501249	0	0	0.000545067768082163184	-0.000389811356340101305	0	0	24.8185819633609697
3	0.000556754455408777328	-0.00039248480079649039	0	0	0.000557032763076957798	-0.000392680994160798241	0	0	25.1327412287199721
4	0.000566566467462375351	-0.000401485425305576221	0	0	0.000566849679910713146	-0.000401686117857641509	0	0	25.446900494078978
4	0.000572029747769941285	-0.000416866380234646615	0	0	0.000572315691175888331	-0.000417074761342541987	0	0	25.761059759437984
4	0.000572472741141680772	-0.000433611188234455888	0	0	0.000572758905988994906	-0.000433827939654323608	0	0	26.0752190247969793
4	0.000568334030790871355	-0.000446010634517010759	0	0	0.000568618126800111978	-0.000446233584110885401	0	0	26.3893782901559817
4	0.000561066613673203655	-0.000452095730985266255	0	0	0.000561347076881880003	-0.000452321722367139353	0	0	26.7035375555149805
4	0.000552963671485085483	-0.000452767722101168272	0	0	0.000553240084235056195	-0.000452994049394668335	0	0	27.0176968208739794
4	0.000547366380975983376	-0.000450706235422597857	0	0	0.000547639995780032046	-0.000450931532230335389	0	0	27.3318560862329853
4	0.000545681698702855673	-0.000447660666990950108	0	0	0.000545954471376269477	-0.000447884441394997602	0	0	27.6460153515919878
4	0.000546592071560111719	-0.000442839910446978218	0	0	0.000546865299306230086	-0.000443061275075060405	0	0	27.9601746169509795
4	0.000547672416999037863	-0.000437264352432254312	0	0	0.000547946184782905341	-0.000437482929977928863	0	0	28.2743338823099748
4	0.000547552285098259865	-0.000433776023041227755	0	0	0.000547825992831180815	-0.000433992856858023731	0	0	28.5884931476689736
4	0.00054649914471591632	-0.000432419182236539086	0	0	0.000546772326010210421	-0.000432635337802440541	0	0	28.9026524130279761
4	0.000545693127603057767	-0.000430670579433609297	0	0	0.000545965905989470222	-0.000430885860916548655	0	0	29.2168116783869785
4	0.000545326770100017233	-0.000426411042264351382	0	0	0.000545599365353409763	-0.000426624194510842993	0	0	29.5309709437459844
4	0.000544621127208252411	-0.000421224853251816361	0	0	0.000544893369728319103	-0.00042143541305171133	0	0	29.8451302091049833
4	0.000543069441675901013	-0.000417787732986118338	0	0	0.000543340908547027988	-0.000417996574655270215	0	0	30.1592894744639821
4	0.000540922561550040404	-0.000416038778236266042	0	0	0.000541192955249302963	-0.000416246745646527757	0	0	30.4734487398229845
4	0.000538785498016672022	-0.000415331205472392097	0	0	0.000539054823451153584	-0.000415538819184662126	0	0	30.7876080051819834
4	0.000536956270031649602	-0.000416133120543413367	0	0	0.000537224681080677741	-0.000416341135113030766	0	0	31.1017672705409822
4	0.000535833631574662676	-0.00041902207756550785	0	0	0.000536101481444734755	-0.00041923153625271015	0	0	31.4159265358999811
5	0.000535920133217021133	-0.000423415480104238006	0	0	0.000536188026327122933	-0.00042362713494382482	0	0	31.7300858012589835
5	0.000537586792172938845	-0.000428547142135203064	0	0	0.000537855518404310642	-0.000428761362164687613	0	0	32.0442450666179823
5	0.000539643671747658824	-0.000433873426368451543	0	0	0.000539913426161863657	-0.000434090308874625786	0	0	32.3584043319769847
5	0.00053969793856929087	-0.000437797442558225496	0	0	0.000539967720110152635	-0.000438016286582262263	0	0	32.67256359733598
5	0.000536655509972549681	-0.000438076049124081672	0	0	0.000536923770679253727	-0.00043829503241661833	0	0	32.9867228626949753
5	0.000532062338050274869	-0.000433224193355817588	0	0	0.000532328302744899669	-0.000433440751326669117	0	0	33.3008821280539706
5	0.00052841791759234368	-0.000424042055223771103	0	0	0.000528682060532081779	-0.000424254023272764894	0	0	33.6150413934129517
5	0.000526482027489647052	-0.000412605949795975834	0	0	0.000526745202726198254	-0.00041281220122105168	0	0	33.9292006587719541
5	0.0005263328859370928	-0.00040075329450428587	0	0	0.000526595986621487995	-0.000400953621082542717	0	0	34.2433599241309707
5	0.000528201090833911092	-0.000390770038313639182	0	0	0.000528465125387322476	-0.000390965374511060085	0	0	34.5575191894899802
5	0.000531007427050292488	-0.000384386560444155564	0	0	0.000531272864421174782	-0.00038457870570015706	0	0	34.8716784548489898
5	0.000532210805720673748	-0.000381831460845342746	0	0	0.000532476844630525828	-0.000382022328870755047	0	0	35.1858377202079993
5	0.000529315311077885385	-0.000382906486702451314	0	0	0.000529579902602153032	-0.000383097892106464542	0	0	35.4999969855669946
5	0.000522190804406889148	-0.000387020436959063514	0	0	0.000522451834567931855	-0.00038721389882421305	0	0	35.8141562509260041
5	0.000513876775320309931	-0.000393596789299161854	0	0	0.000514133649505539255	-0.000393793538518846515	0	0	36.1283155162849994
5	0.000507257762077640249	-0.000401862309931853086	0	0	0.000507511327583213255	-0.000402063190879184558	0	0	36.4424747816440089
5	0.000502244156748178671	-0.000410392147229183147	0	0	0.000502495216077480282	-0.000410597292029474129	0	0	36.7566340470030184
5	0.000497869512572449613	-0.000418300379352208368	0	0	0.000498118385126224725	-0.000418509477280531734	0	0	37.0707933123620137
5	0.000493871160864387242	-0.000424559025635906184	0	0	0.000494118034741867465	-0.000424771252105446927	0	0	37.384952577721009
5	0.000490635830422444792	-0.000427903192548730309	0	0	0.00049088108703893886	-0.000428117090683935507	0	0	37.6991118430799972
6	0.000488938268389891759	-0.000427350096949714051	0	0	0.000489182676437485892	-0.000427563718606247098	0	0	38.0132711084389854
6	0.000489810901070788867	-0.000424138925677193328	0	0	0.000490055745325728527	-0.000424350942149312113	0	0	38.3274303737979807
6	0.000492911432695239838	-0.000421481154987328824	0	0	0.000493157826828645516	-0.000421691842906181022	0	0	38.641589639156976
6	0.000495701093877476732	-0.00042017559663648415	0	0	0.000495948882492954976	-0.000420385631939286443	0	0	38.9557489045159713
6	0.000495931855060043297	-0.000419070644145715999	0	0	0.000496179759027288634	-0.00041928012711032835	0	0	39.2699081698749666
6	0.000492882357569329656	-0.000417654937486079106	0	0	0.000493128737168823717	-0.000417863712774234146	0	0	39.5840674352339619
6	0.000486717303736202268	-0.000416741034340796903	0	0	0.000486960601579014508	-0.000416949352791550051	0	0	39.8982267005929501
6	0.000478174226759884842	-0.000417733525658120703	0	0	0.000478413254131540154	-0.000417942340230517077	0	0	40.2123859659519454
6	0.000467929750370811776	-0.000420606256975787401	0	0	0.000468163656784166614	-0.000420816507554910011	0	0	40.526545231310962
6	0.000456477709667323279	-0.000422468709078302322	0	0	0.000456705891491085718	-0.000422679890650761174	0	0	40.8407044966699431
6	0.00044658729124172564	-0.000423203229442839545	0	0	0.000446810529091925992	-0.000423414778183682798	0	0	41.1548637620289526
6	0.000439951580488008901	-0.000424132945982820693	0	0	0.000440171501311854548	-0.000424344959465754081	0	0	41.4690230273879621
6	0.000435979057508046794	-0.00042537077316331999	0	0	0.000436196992566698723	-0.000425583405405174377	0	0	41.7831822927469574
6	0.000432941019080552352	-0.000426405923078112409	0	0	0.000433157435499540062	-0.000426619072765581744	0	0	42.0973415581059527
6	0.000429370534935888599	-0.000427037791355091493	0	0	0.000429585166558878249	-0.000427251256897743874	0	0	42.411500823464948
6	0.000425335976964701676	-0.000426619867171554659	0	0	0.000425548591812771788	-0.000426833123804328549	0	0	42.7256600888239504
6	0.000422048292405593237	-0.00042390898994507678	0	0	0.000422259263822155606	-0.000424120891477942788	0	0	43.0398193541829528
6	0.000420433231598904068	-0.000419087119860182009	0	0	0.000420643395686871727	-0.000419296611060462042	0	0	43.3539786195419623
6	0.000420062948019437493	-0.000414037338597458143	0	0	0.000420272927011908388	-0.00041424430553804113	0	0	43.6681378849009647
6	0.000419543781795785259	-0.000410741107589886493	0	0	0.000419753501270046282	-0.000410946426826823267	0	0	43.9822971502599671
7	0.000418014776224894175	-0.000410335748428105902	0	0	0.000418223731387440151	-0.000410540865036143447	0	0	44.2964564156189695
7	0.000415676561538884154	-0.000413036642575859473	0	0	0.000415884347886253379	-0.000413243109293561439	0	0	44.6106156809779648
7	0.000412874160537354113	-0.000418272728478409509	0	0	0.000413080546034376211	-0.000418481812584907246	0	0	44.924774946336953
7	0.00040953902685528248	-0.00042483368654642399	0	0	0.000409743745202167562	-0.000425046050312267315	0	0	45.2389342116959483
7	0.000405418404442212848	-0.000431112506102176757	0	0	0.000405621062992717215	-0.000431328008493345974	0	0	45.5530934770549294
7	0.000400492611862724454	-0.000435581071420404898	0	0	0.000400692808132358522	-0.000435798807535947824	0	0	45.867252742413946
7	0.000395041287672678431	-0.000436797677281076219	0	0	0.000395238758961289011	-0.00043701602154754953	0	0	46.1814120077729413
7	0.000389688018867908063	-0.000434505232828450707	0	0	0.000389882814190924674	-0.000434722431159097319	0	0	46.4955712731319437
7	0.000384742300081691846	-0.00042924507934693568	0	0	0.000384934623163196742	-0.000429459648258010297	0	0	46.8097305384909532
7	0.000380598073373707233	-0.000423224894994568947	0	0	0.00038078832485960337	-0.000423436454565592106	0	0	47.1238898038499556
7	0.000377654661115282581	-0.000419893453882787054	0	0	0.000377843441262763194	-0.00042010334814944982	0	0	47.4380490692089509
7	0.000376323808978086961	-0.000421000692148186246	0	0	0.000376511923865741993	-0.000421211139895618801	0	0	47.7522083345679533
7	0.000376977355133324026	-0.000427254808232096768	0	0	0.00037716579671237321	-0.00042746838225617026	0	0	48.0663675999269486
7	0.000379632133966671876	-0.000439381139247619864	0	0	0.000379821902603435211	-0.000439600774922150217	0	0	48.3805268652859439
7	0.000383564898826915975	-0.000457365438744682671	0	0	0.000383756633354743885	-0.000457594064322036924	0	0	48.6946861306449463
7	0.000387329135035831154	-0.000479372793767988883	0	0	0.000387522751211458226	-0.000479612420273304902	0	0	49.0088453960039487
7	0.00038932433728475701	-0.000502106894054611588	0	0	0.000389518950812232055	-0.000502357884769732998	0	0	49.3230046613629582
7	0.000388402087258555781	-0.000521856256696664913	0	0	0.000388596239776247798	-0.0005221171196256823	0	0	49.6371639267219606
7	0.000384784607504912201	-0.000535640467948631654	0	0	0.000384976951734695484	-0.000535908221261122467	0	0	49.9513231920809488
7	0.000379356147036857101	-0.000542278991896412541	0	0	0.000379545777714636627	-0.00054255006364149034	0	0	50.2654824574399441
8	0.000373401188611476628	-0.000542149398929237425	0	0	0.000373587842554060415	-0.000542420405894041414	0	0	50.5796417227989323
8	0.000369021528390464171	-0.000537830243870760167	0	0	0.000369205993050145478	-0.000538099091797681435	0	0	50.8938009881579276
8	0.000367140220331185708	-0.000532999716585888105	0	0	0.000367323744571905345	-0.0005332661498527009	0	0	51.2079602535169371
8	0.00036617620004239309	-0.000528992483205127	0	0	0.000366359242393431411	-0.000529256913355922228	0	0	51.5221195188759395
8	0.000363739115093152749	-0.000523876450435345324	0	0	0.000363920939206211337	-0.000524138323208951195	0	0	51.836278784234942
8	0.00036009500011134236	-0.000517718762605939463	0	0	0.000360275002622207046	-0.000517977557304966476	0	0	52.150438049593923
8	0.000356255047841634283	-0.000513291906164578516	0	0	0.000356433130856127875	-0.000513548487988475431	0	0	52.4645973149529254
8	0.000352651468299666347	-0.000511130754318365956	0	0	0.000352827749974619627	-0.000511386255836358133	0	0	52.7787565803119136
8	0.000349303670802219462	-0.000509294676157410098	0	0	0.000349478278996695881	-0.000509549259865725709	0	0	53.092915845670916
8	0.00034596452100771574	-0.000507368382837359807	0	0	0.000346137460044474354	-0.000507622003639678727	0	0	53.4070751110299184
8	0.000342912309358437101	-0.000507458786469928372	0	0	0.000343083722670690157	-0.000507712452462755963	0	0	53.7212343763889137
8	0.000340160535824443947	-0.000510427968355970968	0	0	0.00034033057359371036	-0.000510683118568763805	0	0	54.035393641747909
8	0.000337662810528511841	-0.000514009440819022511	0	0	0.00033783159974716965	-0.000514266381320570808	0	0	54.3495529071069114
8	0.000336056455056706071	-0.000516610488234316287	0	0	0.000336224441298297423	-0.000516868728934583347	0	0	54.6637121724659139
8	0.000335583934280355041	-0.000518569919574129708	0	0	0.000335751684320570226	-0.000518829139745239092	0	0	54.9778714378249163
8	0.000336218432713342749	-0.000520497986799537565	0	0	0.00033638649992349148	-0.000520758170763362506	0	0	55.2920307031839187
8	0.000337107640788257589	-0.000521758569701632536	0	0	0.000337276152491344436	-0.000522019383799410849	0	0	55.6061899685429211
8	0.000337017889193794878	-0.00052175791871759622	0	0	0.000337186356032301467	-0.000522018732489966321	0	0	55.9203492339019306
8	0.000335100071484654147	-0.00052040259673234333	0	0	0.000335267579653921854	-0.000520662733013058424	0	0	56.2345084992609259
8	0.000331159671432444506	-0.000518000750159423201	0	0	0.000331325209894006028	-0.000518259685816947367	0	0	56.5486677646199283
9	0.000325577290679503325	-0.000515200482788735693	0	0	0.000325740038648158223	-0.000515458018662452765	0	0	56.8628270299789236
9	0.000319220631099967421	-0.000512108118189604747	0	0	0.000319380201533038326	-0.000512364108267394469	0	0	57.1769862953379189
9	0.000313169414400865859	-0.000508453900134680299	0	0	0.000313325959981632367	-0.000508708063560012256	0	0	57.4911455606969142
9	0.000308263274170071492	-0.000504982499293485853	0	0	0.000308417367293699915	-0.000505234927452122284	0	0	57.8053048260559166
9	0.000304744987787791688	-0.000502856828628511603	0	0	0.000304897322207800796	-0.000503108194217399482	0	0	58.1194640914149332
9	0.000302483354578156208	-0.000501962751150833377	0	0	0.000302634558464120735	-0.000502213669812686379	0	0	58.4336233567739427
9	0.000301388764332577842	-0.000501694994074015715	0	0	0.000301539421060166471	-0.000501945778890777999	0	0	58.747782622132938
9	0.000301393747665140038	-0.000502442758737928143	0	0	0.000301544406883756232	-0.000502693917343585554	0	0	59.0619418874919333
9	0.000302282734138509008	-0.000505202143963963206	0	0	0.000302433837739276017	-0.000505454681917468472	0	0	59.3761011528509215
9	0.000303642522758038318	-0.000510170923422850016	0	0	0.000303794306083206712	-0.000510425945145281815	0	0	59.6902604182099168
9	0.000305079666875507545	-0.000516431048772897968	0	0	0.000305232168593161195	-0.000516689199775864226	0	0	60.0044196835689263
9	0.000306387666303603416	-0.000522528537299317419	0	0	0.000306540821857532932	-0.000522789736284725096	0	0	60.3185789489279358
9	0.00030732045894244647	-0.000526774652765289232	0	0	0.000307474080776140785	-0.000527037974277919032	0	0	60.6327382142869453
9	0.000307584804743508175	-0.0005279462680243287	0	0	0.00030773855871706388	-0.000528210175198198491	0	0	60.9468974796459406
9	0.000307143748993435805	-0.00052572686280441777	0	0	0.000307297282494213672	-0.000525989660552956227	0	0	61.261056745004943
9	0.00030594179012919092	-0.000520691246647823143	0	0	0.000306094722800706143	-0.000520951527217418343	0	0	61.5752160103639454
9	0.000303603938875780723	-0.000514473871766277214	0	0	0.000303755702913758457	-0.000514731044425216044	0	0	61.8893752757229407
9	0.000299651322209539819	-0.000508663335334595722	0	0	0.00029980111043302664	-0.000508917603451282006	0	0	62.2035345410819502
9	0.000294349473068827286	-0.000503807347714940062	0	0	0.0002944966110301561	-0.000504059188444522092	0	0	62.5176938064409384
9	0.000288946794457586246	-0.000499800164874993872	0	0	0.000289091231754626287	-0.000500050002513820679	0	0	62.8318530717999408
10	0.000285172648132563013	-0.000497258003915836827	0	0	0.000285315198827997484	-0.000497506570791817989	0	0	63.1460123371589432
10	0.000284127242550070915	-0.000497175208905590617	0	0	0.000284269270673346284	-0.000497423734394431645	0	0	63.4601716025179385
10	0.000285612605963940242	-0.000499500338095307662	0	0	0.000285755376583366383	-0.000499750025858268412	0	0	63.7743308678769409
10	0.00028868707450067254	-0.000503359247390131482	0	0	0.000288831381970273851	-0.000503610864125639572	0	0	64.0884901332359362
10	0.000292242208599217935	-0.000507195748072381491	0	0	0.000292388293191719743	-0.000507449282578928775	0	0	64.4026493985949458
10	0.000295474835632667063	-0.000509634587258567858	0	0	0.000295622536134823057	-0.000509889340880020523	0	0	64.716808663953941
10	0.000298027329889482726	-0.000509501404092114899	0	0	0.000298176306319865401	-0.000509756091138626149	0	0	65.0309679293129648
10	0.000299775946541624495	-0.000506130748951543938	0	0	0.000299925797061860347	-0.000506383751091601464	0	0	65.3451271946719601
10	0.000300789527857399158	-0.000500388719630712056	0	0	0.000300939885041643501	-0.000500638851473490429	0	0	65.6592864600309412
10	0.000301252467196532771	-0.000493761395677791968	0	0	0.000301403055792582631	-0.000494008214686571137	0	0	65.9734457253899365
10	0.000301306250253570624	-0.0004867623471084524	0	0	0.000301456865734395219	-0.00048700566746735823	0	0	66.2876049907489175
10	0.000301022565967730546	-0.000478957204288323036	0	0	0.000301173039641817943	-0.000479196623050937324	0	0	66.6017642561079128
10	0.000300429800478052935	-0.000471520781398575251	0	0	0.000300579977843416139	-0.000471756482878795259	0	0	66.9159235214669081
10	0.000299473793812719683	-0.000466194248224289826	0	0	0.000299623493294158181	-0.000466427287103373463	0	0	67.2300827868258892
10	0.000298008090122602628	-0.000462768921525976362	0	0	0.000298157056935289503	-0.000463000248169634994	0	0	67.5442420521848845
10	0.000296033428847959602	-0.000459812135135895131	0	0	0.000296181408576698857	-0.000460041983755752216	0	0	67.858401317543894
10	0.000293956767928973668	-0.000457183705708184222	0	0	0.000294103709586701774	-0.000457412240441710518	0	0	68.1725605829028893
10	0.000292270109614049247	-0.000455871528516780741	0	0	0.000292416208153355053	-0.000456099407325656885	0	0	68.4867198482618988
10	0.000290989245318265608	-0.00045535014128669218	0	0	0.000291134703585475168	-0.000455577759467113634	0	0	68.8008791136208941
10	0.000289862216974854205	-0.000453972479824837764	0	0	0.000290007111868740837	-0.000454199409346685257	0	0	69.1150383789799037
11	0.000288631132752588512	-0.000452735943757173872	0	0	0.000288775412258218353	-0.000452962255165518276	0	0	69.429197644338899
11	0.000287087299345146053	-0.000453778806995514146	0	0	0.000287230807127003009	-0.000454005639705230086	0	0	69.7433569096979085
11	0.000285376290683849929	-0.000458757978650403838	0	0	0.00028551894317519101	-0.000458987300323907671	0	0	70.0575161750569322
11	0.000284084741153608036	-0.000469352475931806364	0	0	0.000284226748031580741	-0.000469587093530339115	0	0	70.3716754404159275
11	0.000284185719474631514	-0.000487847885159554506	0	0	0.000284327776829169151	-0.000488091748151960264	0	0	70.6858347057749228
11	0.000286950119294472747	-0.000516117268472810679	0	0	0.000287093558503555182	-0.000516375262624991973	0	0	70.9999939711339323
11	0.000292555889820604847	-0.00055227957486925184	0	0	0.000292702131214588664	-0.000552555645656628135	0	0	71.3141532364929276
11	0.000299113666148870055	-0.000589850514726583566	0	0	0.000299263185611706802	-0.000590145366289886912	0	0	71.6283125018519371
11	0.000303431985082429476	-0.000619948660140660066	0	0	0.000303583663165201149	-0.00062025855701628677	0	0	71.9424717672109466
11	0.000302571041019981588	-0.000634222297391080878	0	0	0.00030272228873825613	-0.000634539329302002378	0	0	72.2566310325699277
11	0.000295748040766688177	-0.000628058802727484659	0	0	0.000295895877837238242	-0.000628372753661085451	0	0	72.5707902979289372
11	0.000285269379816101905	-0.000602086393163584746	0	0	0.000285411978865306257	-0.000602387361137281122	0	0	72.8849495632879325
11	0.000277690649230855578	-0.000566312704519653142	0	0	0.000277829459861587773	-0.000566595790118446939	0	0	73.1991088286469136
11	0.000279130370464848244	-0.000533312484390084554	0	0	0.000279269900776285551	-0.000533579074001729286	0	0	73.5132680940059231
11	0.000287740073304272516	-0.000512157995087634209	0	0	0.000287883907391422208	-0.0005124140100975737	0	0	73.8274273593649042
11	0.000291559405368866449	-0.000497120961494819835	0	0	0.000291705148644847041	-0.000497369459866621238	0	0	74.1415866247238995
11	0.000284821926133723574	-0.000478363485485362673	0	0	0.000284964301511840795	-0.000478602607462654298	0	0	74.4557458900828948
11	0.000274611162219868632	-0.000464562544589558902	0	0	0.000274748433491742833	-0.000464794767820658327	0	0	74.7699051554418901
11	0.000266850600362305668	-0.000468681888770654872	0	0	0.000266983992322856632	-0.000468916171159203666	0	0	75.0840644208008854
11	0.000263992897361497991	-0.000486093646673172364	0	0	0.000264124860827617651	-0.000486336632765327847	0	0	75.3982236861598807
12	0.000265836508626124868	-0.000506795156931126069	0	0	0.00026596939366759192	-0.0005070484911920681	0	0	75.7123829515188902
12	0.000269658418218078318	-0.000530205848733872527	0	0	0.000269793213736902468	-0.000530470885415905533	0	0	76.0265422168778855
12	0.000271476630353075009	-0.000557115549078472314	0	0	0.000271612334750858883	-0.000557394037248708576	0	0	76.3407014822368808
12	0.000270190012252571692	-0.000577926194108863839	0	0	0.000270325073502100156	-0.000578215085001640471	0	0	76.6548607475958761
12	0.000266805439164873362	-0.000581108418641970801	0	0	0.000266938808550757148	-0.000581398900249477076	0	0	76.9690200129548856
12	0.000262852521946949362	-0.000567634303120242143	0	0	0.000262983915368105424	-0.000567918049353423305	0	0	77.2831792783138809
12	0.000260294005624032	-0.000545753518630845576	0	0	0.000260424120106672206	-0.000546026327205501104	0	0	77.5973385436728762
12	0.000262225567835880575	-0.000521482208363346954	0	0	0.000262356647858277435	-0.000521742884315236333	0	0	77.9114978090318573
12	0.000270952532283754214	-0.000498613750783995159	0	0	0.000271087974698012556	-0.000498862995364178973	0	0	78.2256570743908526
12	0.000282471954068657532	-0.000479205817332174831	0	0	0.000282613154754555334	-0.000479445360370358772	0	0	78.5398163397498479
12	0.000290739798264064478	-0.000462011396986269451	0	0	0.000290885131839042942	-0.000462242344962450556	0	0	78.8539756051088432
12	0.00029490518384184711	-0.000447303465769288667	0	0	0.000295052599589146203	-0.000447527061617374532	0	0	79.1681348704678669
12	0.00029612807461114408	-0.000436850344174912061	0	0	0.000296276101650996479	-0.000437068714768139679	0	0	79.4822941358268622
12	0.000295424539404698285	-0.000431289100961682547	0	0	0.00029557221476480324	-0.000431504691628068924	0	0	79.7964534011858717
12	0.000293071436519362865	-0.000431258460629977802	0	0	0.000293217935621983665	-0.000431474035979995888	0	0	80.1106126665448954
12	0.000288180401023361784	-0.000438257712212124131	0	0	0.000288324455219295377	-0.000438476786313454488	0	0	80.4247719319039049
12	0.000280806420331386215	-0.000453365715866870292	0	0	0.000280946788458269502	-0.000453592342082486473	0	0	80.7389311972629002
12	0.000272161535234293991	-0.000474658390018927779	0	0	0.000272297581998725213	-0.000474895659911399532	0	0	81.0530904626219098
12	0.000263777369946943446	-0.000498086466337717805	0	0	0.000263909225676269769	-0.000498335447341351819	0	0	81.367249727980905
12	0.000256762025716785749	-0.000520574908855332892	0	0	0.000256890374650529203	-0.000520835131270634103	0	0	81.6814089933399146
13	0.000251583691025958399	-0.000539632477972570119	0	0	0.000251709451439378093	-0.00053990222679148206	0	0	81.9955682586989099
13	0.00024866780822354489	-0.000551584436112638986	0	0	0.000248792111059920604	-0.000551860159417428848	0	0	82.3097275240579052
13	0.000248628907637561875	-0.00055306555206362999	0	0	0.000248753191028556521	-0.000553342015741397947	0	0	82.6238867894169147
13	0.000252235666684737486	-0.000544120552460744295	0	0	0.000252361753004678026	-0.000544392544756312638	0	0	82.9380460547758958
13	0.00026012647827475618	-0.000527493530485466508	0	0	0.000260256509014659629	-0.00052775721134740378	0	0	83.2522053201349195
13	0.000271697579448587038	-0.000506375117817896596	0	0	0.00027183339429342156	-0.000506628242111979406	0	0	83.566364585493929
13	0.00028406065724177526	-0.000483074438591343911	0	0	0.000284202652080888744	-0.000483315915456925059	0	0	83.8805238508529243
13	0.000292673192549827612	-0.000458519573557553779	0	0	0.000292819492580545081	-0.000458748776058410168	0	0	84.1946831162119196
13	0.000293568692608017995	-0.000432571398593786533	0	0	0.000293715440276847589	-0.00043278763024901895	0	0	84.5088423815709149
13	0.000287278713780069687	-0.000406138164452633213	0	0	0.000287422317245286045	-0.000406341182793240835	0	0	84.8230016469299244
13	0.000277753180530107243	-0.000384438023155459125	0	0	0.000277892022418738702	-0.000384630194136523326	0	0	85.1371609122889339
13	0.000268397581740698553	-0.000373702447737083311	0	0	0.000268531746998748361	-0.000373889252271666526	0	0	85.4513201776479292
13	0.000261840736965460175	-0.000375239460261554214	0	0	0.000261971624620277867	-0.000375427033110336151	0	0	85.7654794430068961
13	0.000258323031258540054	-0.000387179962784709516	0	0	0.000258452160499968294	-0.00038737350439291702	0	0	86.0796387083659198
13	0.000256903217875607479	-0.000407629055492488923	0	0	0.000257031637387709791	-0.000407832819092180971	0	0	86.3937979737249435
13	0.000256094336133131479	-0.000432964444115607934	0	0	0.000256222351305416412	-0.000433180872244277426	0	0	86.7079572390839104
13	0.000255292545490583701	-0.000457057978204609733	0	0	0.000255420159867728502	-0.000457286450090154274	0	0	87.0221165044429057
13	0.000255343421994431367	-0.00047339354375361669	0	0	0.000255471061803491585	-0.000473630181381034219	0	0	87.3362757698019152
13	0.000256392310289091277	-0.000478351479016653344	0	0	0.000256520474411284336	-0.000478590594992297765	0	0	87.6504350351608963
13	0.000258143765400132175	-0.000472771001488470619	0	0	0.000258272805031102147	-0.000473007327922595497	0	0	87.9645943005198774
14	0.000260263406142687351	-0.000458451594315263525	0	0	0.000260393505329254609	-0.000458680762834868183	0	0	88.2787535658788727
14	0.000262686209919964209	-0.000438129023234375679	0	0	0.000262817520205771242	-0.000438348033007525774	0	0	88.5929128312378538
14	0.000264914462003531723	-0.000416093429693289497	0	0	0.000265046886137035775	-0.000416301424422773128	0	0	88.9070720965968775
14	0.000265255746302724962	-0.000394070356604464599	0	0	0.000265388341035776361	-0.000394267342548935843	0	0	89.2212313619558586
14	0.000263166208035133832	-0.000371486486372195855	0	0	0.000263297758260137957	-0.000371672183203137802	0	0	89.5353906273148539
14	0.000259966583248847532	-0.000351168590474404299	0	0	0.00026009653406122062	-0.000351344130895867241	0	0	89.8495498926738776
14	0.000258711509298187184	-0.000337902443611949371	0	0	0.000258840832730388641	-0.000338071352617415853	0	0	90.1637091580328871
14	0.000262045118778058978	-0.000330460601816595016	0	0	0.00026217610859849465	-0.000330625790830914724	0	0	90.4778684233918824
14	0.000270027479577881742	-0.00032489881772058049	0	0	0.000270162459581397305	-0.000325061226537701003	0	0	90.7920276887508635
14	0.000281028307118935542	-0.000323441561619316098	0	0	0.000281168786161770654	-0.000323603241990414359	0	0	91.1061869541098588
14	0.000291206218928978587	-0.000331191956099909633	0	0	0.000291351785656069468	-0.000331357510699889827	0	0	91.4203462194688683
14	0.00029661072540239624	-0.000352585426491447017	0	0	0.00029675899370744575	-0.000352761675153736838	0	0	91.7345054848278778
14	0.00029569606876329532	-0.000389377778245331239	0	0	0.000295843879854249469	-0.000389572418486727561	0	0	92.0486647501868731
14	0.00029115482634536091	-0.000441503177342920017	0	0	0.000291300367382431584	-0.000441723873771436429	0	0	92.3628240155458684
14	0.00028741491461864064	-0.000506555684784371031	0	0	0.000287558586167069026	-0.000506808899339115417	0	0	92.6769832809048353
14	0.000286330642856635659	-0.000574437402826742899	0	0	0.000286473772404634047	-0.000574724549759558279	0	0	92.9911425462638306
14	0.000286544946569654378	-0.000630260823191076936	0	0	0.000286688183242739833	-0.00063057587485966743	0	0	93.3053018116228259
14	0.000282841798964000954	-0.000661330145710098405	0	0	0.000282983184525969589	-0.000661660728158262098	0	0	93.619461076981807
14	0.000271047071261307628	-0.000660681576513627838	0	0	0.000271182560933059408	-0.000661011834758253925	0	0	93.9336203423407738
14	0.000253696102016695688	-0.000630721518704680114	0	0	0.000253822918371650113	-0.0006310368006635607	0	0	94.2477796076997976
15	0.000236237064492574619	-0.00057789904972682985	0	0	0.000236355153510101518	-0.000578187927050748313	0	0	94.5619388730587644
15	0.000226117056425568418	-0.000511698774413507922	0	0	0.000226230086703476302	-0.000511954559870678476	0	0	94.876098138417774
15	0.000230827095568239592	-0.000439270950905631052	0	0	0.000230942480277299009	-0.000439490531499996963	0	0	95.1902574037767835
15	0.000261254932234518899	-0.000385641890483696319	0	0	0.000261385527060384044	-0.00038583466324813658	0	0	95.5044166691357788
15	0.000296734314051429172	-0.000365412125867324231	0	0	0.000296882644135539715	-0.000365594786276923626	0	0	95.8185759344947741
15	0.000306232374333242495	-0.000330116951981236986	0	0	0.000306385452260838265	-0.000330281969213568863	0	0	96.1327351998537978
15	0.000298175723306487212	-0.000278654342018210877	0	0	0.000298324773915126088	-0.000278793634375129737	0	0	96.4468944652128073
15	0.000285955497908226268	-0.000275689363300391963	0	0	0.000286098439930890366	-0.000275827173538360901	0	0	96.7610537305717884
15	0.000277026106518047841	-0.000326363170875878475	0	0	0.000277164584960580562	-0.00032652631168656604	0	0	97.0752129959307695
15	0.000275148665545077128	-0.000381744253456846002	0	0	0.000275286205501636507	-0.000381935077889639801	0	0	97.3893722612897363
15	0.000279250873940057351	-0.000422359039854275397	0	0	0.000279390464488250888	-0.000422570166605939969	0	0	97.7035315266487316
15	0.000284099512319535921	-0.000474647612077434714	0	0	0.000284241526581105128	-0.000474884876582400432	0	0	98.0176907920077127
15	0.000283159482286152696	-0.000535658125228113523	0	0	0.000283301026650121146	-0.000535925887367163394	0	0	98.331850057366708
15	0.000274551417755243316	-0.000561842494115291006	0	0	0.000274688659162387904	-0.000562123345167368088	0	0	98.6460093227257033
15	0.000260273853927656552	-0.000542058044831585919	0	0	0.000260403958336671718	-0.000542329006130818324	0	0	98.9601685880847128
15	0.000242880216121747647	-0.000507946144110286535	0	0	0.000243001625884969543	-0.000508200053720993467	0	0	99.2743278534436939
15	0.000227242373199252213	-0.000473383869320176517	0	0	0.000227355965994776649	-0.000473620502111607401	0	0	99.5884871188026892
15	0.000223472797505162607	-0.000426961266527333468	0	0	0.000223584505983832692	-0.00042717469381729306	0	0	99.9026463841616845
15	0.000239624001139662849	-0.000377495476986673348	0	0	0.000239743783202308995	-0.000377684177562002683	0	0	100.216805649520694
15	0.00025876739273688747	-0.000349905548693703122	0	0	0.00025889674410365884	-0.000350080457751925512	0	0	100.530964914879704
